response-time,DNS+dialup,DNS,Request-write,Response-delay,Response-read,status-code,offset
1.1704,0.0472,0.0455,0.0002,1.1058,0.0162,200,0.0008
0.6466,0.0000,0.0000,0.0000,0.6453,0.0012,200,1.1712
0.6482,0.0000,0.0000,0.0000,0.6469,0.0013,200,1.8179
0.6473,0.0000,0.0000,0.0001,0.6453,0.0019,200,2.4661
0.6205,0.0000,0.0000,0.0001,0.6180,0.0024,200,3.1134
0.6102,0.0000,0.0000,0.0001,0.6087,0.0015,200,3.7338
0.6666,0.0000,0.0000,0.0001,0.6651,0.0013,200,4.3441
0.6187,0.0000,0.0000,0.0001,0.6170,0.0016,200,5.0107
0.6430,0.0000,0.0000,0.0001,0.6414,0.0013,200,5.6294
0.6144,0.0000,0.0000,0.0004,0.6127,0.0013,200,6.2724
0.6516,0.0000,0.0000,0.0001,0.6503,0.0012,200,6.8868
0.6128,0.0000,0.0000,0.0001,0.6110,0.0015,200,7.5384
0.6247,0.0000,0.0000,0.0001,0.6228,0.0017,200,8.1512
0.6090,0.0000,0.0000,0.0003,0.6083,0.0003,200,8.7759
0.6630,0.0000,0.0000,0.0001,0.6599,0.0016,200,9.3849
0.6314,0.0000,0.0000,0.0001,0.6301,0.0012,200,10.0479
0.6304,0.0000,0.0000,0.0001,0.6287,0.0016,200,10.6794
0.6622,0.0000,0.0000,0.0000,0.6610,0.0011,200,11.3098
0.6692,0.0000,0.0000,0.0001,0.6668,0.0022,200,11.9720
0.6256,0.0000,0.0000,0.0001,0.6252,0.0003,200,12.6412
0.6060,0.0000,0.0000,0.0001,0.6044,0.0014,200,13.2668
0.6125,0.0000,0.0000,0.0001,0.6106,0.0018,200,13.8728
0.6317,0.0000,0.0000,0.0001,0.6301,0.0014,200,14.4852
0.6910,0.0000,0.0000,0.0001,0.6894,0.0015,200,15.1170
0.6177,0.0000,0.0000,0.0001,0.6162,0.0014,200,15.8081
0.6278,0.0000,0.0000,0.0001,0.6261,0.0016,200,16.4258
0.6102,0.0000,0.0000,0.0001,0.6097,0.0004,200,17.0536
0.6206,0.0000,0.0000,0.0001,0.6190,0.0015,200,17.6638
0.6135,0.0000,0.0000,0.0001,0.6121,0.0014,200,18.2844
0.6341,0.0000,0.0000,0.0001,0.6325,0.0015,200,18.8979
0.6378,0.0000,0.0000,0.0001,0.6357,0.0019,200,19.5320
0.6430,0.0000,0.0000,0.0001,0.6410,0.0017,200,20.1698
0.6285,0.0000,0.0000,0.0001,0.6267,0.0017,200,20.8128
0.6423,0.0000,0.0000,0.0001,0.6409,0.0012,200,21.4412
0.6534,0.0000,0.0000,0.0000,0.6520,0.0013,200,22.0835
0.6428,0.0000,0.0000,0.0000,0.6417,0.0010,200,22.7369
0.6298,0.0000,0.0000,0.0001,0.6282,0.0015,200,23.3798
0.6113,0.0000,0.0000,0.0001,0.6094,0.0017,200,24.0095
0.6280,0.0000,0.0000,0.0003,0.6263,0.0013,200,24.6208
0.6243,0.0000,0.0000,0.0001,0.6224,0.0017,200,25.2488
0.6425,0.0000,0.0000,0.0000,0.6409,0.0014,200,25.8731
0.5980,0.0000,0.0000,0.0001,0.5971,0.0008,200,26.5156
0.6384,0.0000,0.0000,0.0001,0.6374,0.0009,200,27.1136
0.6386,0.0000,0.0000,0.0001,0.6368,0.0017,200,27.7521
0.6359,0.0000,0.0000,0.0001,0.6343,0.0015,200,28.3907
0.6303,0.0000,0.0000,0.0002,0.6286,0.0014,200,29.0267
0.6174,0.0000,0.0000,0.0000,0.6161,0.0012,200,29.6569
0.6288,0.0000,0.0000,0.0001,0.6275,0.0011,200,30.2744
0.6268,0.0000,0.0000,0.0000,0.6265,0.0002,200,30.9031
0.6544,0.0000,0.0000,0.0001,0.6527,0.0014,200,31.5299
0.6263,0.0000,0.0000,0.0001,0.6250,0.0011,200,32.1843
0.6459,0.0000,0.0000,0.0000,0.6450,0.0009,200,32.8106
0.6505,0.0000,0.0000,0.0002,0.6490,0.0009,200,33.4565
0.6469,0.0000,0.0000,0.0002,0.6452,0.0015,200,34.1070
0.6203,0.0000,0.0000,0.0001,0.6199,0.0003,200,34.7539
0.6238,0.0000,0.0000,0.0001,0.6161,0.0077,200,35.3742
0.6513,0.0000,0.0000,0.0001,0.6500,0.0011,200,35.9980
0.6189,0.0000,0.0000,0.0002,0.6172,0.0014,200,36.6493
0.6199,0.0000,0.0000,0.0001,0.6185,0.0013,200,37.2682
0.6259,0.0000,0.0000,0.0001,0.6244,0.0014,200,37.8881
0.6557,0.0000,0.0000,0.0001,0.6536,0.0020,200,38.5140
0.6279,0.0000,0.0000,0.0001,0.6261,0.0016,200,39.1698
0.6495,0.0000,0.0000,0.0001,0.6483,0.0011,200,39.7977
0.6277,0.0000,0.0000,0.0001,0.6258,0.0016,200,40.4472
0.6109,0.0000,0.0000,0.0001,0.6086,0.0022,200,41.0748
0.6339,0.0000,0.0000,0.0001,0.6321,0.0016,200,41.6857
0.6306,0.0000,0.0000,0.0001,0.6286,0.0018,200,42.3197
0.6241,0.0000,0.0000,0.0001,0.6230,0.0009,200,42.9503
0.6311,0.0000,0.0000,0.0000,0.6299,0.0011,200,43.5743
0.6412,0.0000,0.0000,0.0001,0.6398,0.0011,200,44.2055
0.6474,0.0000,0.0000,0.0001,0.6457,0.0016,200,44.8466
0.6394,0.0000,0.0000,0.0001,0.6376,0.0017,200,45.4940
0.6441,0.0000,0.0000,0.0001,0.6430,0.0010,200,46.1334
0.6491,0.0000,0.0000,0.0001,0.6474,0.0016,200,46.7775
0.6070,0.0000,0.0000,0.0001,0.6053,0.0015,200,47.4266
0.6295,0.0000,0.0000,0.0001,0.6291,0.0003,200,48.0336
0.6136,0.0000,0.0000,0.0001,0.6120,0.0013,200,48.6631
0.6195,0.0000,0.0000,0.0001,0.6176,0.0016,200,49.2767
0.6180,0.0000,0.0000,0.0001,0.6167,0.0012,200,49.8961
0.6235,0.0000,0.0000,0.0001,0.6221,0.0013,200,50.5142
0.6161,0.0000,0.0000,0.0001,0.6158,0.0002,200,51.1377
0.6158,0.0000,0.0000,0.0000,0.6140,0.0017,200,51.7538
0.6077,0.0000,0.0000,0.0001,0.6066,0.0009,200,52.3696
0.6204,0.0000,0.0000,0.0000,0.6185,0.0018,200,52.9773
0.6240,0.0000,0.0000,0.0001,0.6221,0.0017,200,53.5977
0.6296,0.0000,0.0000,0.0001,0.6274,0.0021,200,54.2216
0.6227,0.0000,0.0000,0.0001,0.6209,0.0017,200,54.8512
0.6191,0.0000,0.0000,0.0001,0.6181,0.0009,200,55.4740
0.6275,0.0000,0.0000,0.0000,0.6252,0.0022,200,56.0931
0.6340,0.0000,0.0000,0.0001,0.6327,0.0012,200,56.7205
0.6105,0.0000,0.0000,0.0000,0.6087,0.0018,200,57.3545
0.6429,0.0000,0.0000,0.0001,0.6407,0.0021,200,57.9650
0.6264,0.0000,0.0000,0.0001,0.6243,0.0019,200,58.6079
0.6060,0.0000,0.0000,0.0001,0.6046,0.0013,200,59.2343
0.6506,0.0000,0.0000,0.0001,0.6496,0.0010,200,59.8403
0.6256,0.0000,0.0000,0.0000,0.6242,0.0014,200,60.4909
0.6136,0.0000,0.0000,0.0003,0.6117,0.0016,200,61.1165
0.6335,0.0000,0.0000,0.0001,0.6317,0.0017,200,61.7301
0.7167,0.0000,0.0000,0.0001,0.7151,0.0015,200,62.3636
0.6092,0.0000,0.0000,0.0001,0.6070,0.0021,200,63.0803
0.6711,0.0000,0.0000,0.0001,0.6690,0.0020,200,63.6895
0.6501,0.0000,0.0000,0.0001,0.6483,0.0017,200,64.3606
0.6212,0.0000,0.0000,0.0001,0.6194,0.0017,200,65.0107
0.6323,0.0000,0.0000,0.0001,0.6303,0.0019,200,65.6319
0.6381,0.0000,0.0000,0.0002,0.6358,0.0020,200,66.2642
0.6349,0.0000,0.0000,0.0001,0.6333,0.0015,200,66.9024
0.6305,0.0000,0.0000,0.0001,0.6292,0.0012,200,67.5373
0.6356,0.0000,0.0000,0.0001,0.6339,0.0017,200,68.1679
0.6396,0.0000,0.0000,0.0001,0.6384,0.0011,200,68.8035
0.6160,0.0000,0.0000,0.0001,0.6140,0.0020,200,69.4431
0.6299,0.0000,0.0000,0.0001,0.6278,0.0018,200,70.0591
0.6208,0.0000,0.0000,0.0001,0.6192,0.0015,200,70.6890
0.6462,0.0000,0.0000,0.0001,0.6446,0.0015,200,71.3099
0.7266,0.0000,0.0000,0.0001,0.7248,0.0016,200,71.9561
0.6707,0.0000,0.0000,0.0001,0.6687,0.0019,200,72.6827
0.6321,0.0000,0.0000,0.0001,0.6304,0.0016,200,73.3534
0.6106,0.0000,0.0000,0.0001,0.6091,0.0014,200,73.9856
0.6752,0.0000,0.0000,0.0001,0.6737,0.0014,200,74.5962
0.6541,0.0000,0.0000,0.0001,0.6524,0.0016,200,75.2714
0.6329,0.0000,0.0000,0.0001,0.6301,0.0018,200,75.9254
0.6281,0.0000,0.0000,0.0001,0.6265,0.0015,200,76.5583
0.6754,0.0000,0.0000,0.0001,0.6745,0.0007,200,77.1864
0.6226,0.0000,0.0000,0.0000,0.6212,0.0014,200,77.8618
0.6122,0.0000,0.0000,0.0001,0.6107,0.0013,200,78.4845
0.6259,0.0000,0.0000,0.0001,0.6222,0.0036,200,79.0967
0.6184,0.0000,0.0000,0.0001,0.6165,0.0018,200,79.7226
0.6988,0.0000,0.0000,0.0001,0.6971,0.0016,200,80.3410
0.6769,0.0000,0.0000,0.0001,0.6750,0.0019,200,81.0398
0.6204,0.0000,0.0000,0.0001,0.6184,0.0018,200,81.7168
0.6241,0.0000,0.0000,0.0001,0.6230,0.0009,200,82.3371
0.6632,0.0000,0.0000,0.0000,0.6618,0.0014,200,82.9612
0.6411,0.0000,0.0000,0.0001,0.6393,0.0017,200,83.6244
0.6308,0.0000,0.0000,0.0001,0.6291,0.0016,200,84.2655
0.6388,0.0000,0.0000,0.0001,0.6371,0.0015,200,84.8963
0.6448,0.0000,0.0000,0.0001,0.6413,0.0032,200,85.5351
0.6684,0.0000,0.0000,0.0001,0.6668,0.0015,200,86.1799
0.6367,0.0000,0.0000,0.0001,0.6354,0.0012,200,86.8483
0.6151,0.0000,0.0000,0.0001,0.6139,0.0011,200,87.4850
0.6202,0.0000,0.0000,0.0000,0.6182,0.0020,200,88.1001
0.6215,0.0000,0.0000,0.0001,0.6195,0.0018,200,88.7202
0.6335,0.0000,0.0000,0.0001,0.6317,0.0016,200,89.3417
0.6240,0.0000,0.0000,0.0001,0.6224,0.0015,200,89.9752
0.6336,0.0000,0.0000,0.0001,0.6317,0.0019,200,90.5992
0.6340,0.0000,0.0000,0.0001,0.6328,0.0011,200,91.2329
0.6269,0.0000,0.0000,0.0000,0.6252,0.0016,200,91.8669
0.6258,0.0000,0.0000,0.0001,0.6247,0.0010,200,92.4937
0.6560,0.0000,0.0000,0.0001,0.6541,0.0018,200,93.1196
0.6156,0.0000,0.0000,0.0000,0.6137,0.0018,200,93.7755
0.6295,0.0000,0.0000,0.0001,0.6278,0.0017,200,94.3911
0.6164,0.0000,0.0000,0.0001,0.6146,0.0018,200,95.0207
0.6640,0.0000,0.0000,0.0001,0.6637,0.0002,200,95.6371
0.6636,0.0000,0.0000,0.0001,0.6616,0.0019,200,96.3012
0.6294,0.0000,0.0000,0.0001,0.6276,0.0017,200,96.9647
0.6335,0.0000,0.0000,0.0001,0.6271,0.0063,200,97.5941
0.6130,0.0000,0.0000,0.0001,0.6114,0.0015,200,98.2276
0.6716,0.0000,0.0000,0.0001,0.6707,0.0007,200,98.8407
0.6058,0.0000,0.0000,0.0000,0.6036,0.0021,200,99.5123
0.6241,0.0000,0.0000,0.0001,0.6224,0.0016,200,100.1180
0.6291,0.0000,0.0000,0.0000,0.6274,0.0016,200,100.7421
0.6202,0.0000,0.0000,0.0001,0.6185,0.0016,200,101.3712
0.6292,0.0000,0.0000,0.0001,0.6269,0.0022,200,101.9914
0.6373,0.0000,0.0000,0.0001,0.6362,0.0009,200,102.6206
0.6551,0.0000,0.0000,0.0001,0.6536,0.0014,200,103.2579
0.6146,0.0000,0.0000,0.0001,0.6128,0.0018,200,103.9130
0.6197,0.0000,0.0000,0.0001,0.6181,0.0014,200,104.5276
0.6394,0.0000,0.0000,0.0001,0.6383,0.0009,200,105.1473
0.6314,0.0000,0.0000,0.0001,0.6297,0.0016,200,105.7867
0.6384,0.0000,0.0000,0.0001,0.6367,0.0016,200,106.4181
0.6422,0.0000,0.0000,0.0002,0.6399,0.0021,200,107.0565
0.6672,0.0000,0.0000,0.0001,0.6658,0.0012,200,107.6988
0.6243,0.0000,0.0000,0.0000,0.6226,0.0017,200,108.3659
0.6238,0.0000,0.0000,0.0001,0.6229,0.0008,200,108.9903
0.6314,0.0000,0.0000,0.0000,0.6298,0.0016,200,109.6141
0.6273,0.0000,0.0000,0.0001,0.6259,0.0013,200,110.2455
0.6223,0.0000,0.0000,0.0001,0.6208,0.0014,200,110.8729
0.6200,0.0000,0.0000,0.0001,0.6180,0.0018,200,111.4952
0.6231,0.0000,0.0000,0.0000,0.6219,0.0011,200,112.1152
0.6282,0.0000,0.0000,0.0001,0.6272,0.0008,200,112.7383
0.6354,0.0000,0.0000,0.0000,0.6333,0.0020,200,113.3665
0.6321,0.0000,0.0000,0.0001,0.6299,0.0021,200,114.0018
0.6383,0.0000,0.0000,0.0001,0.6367,0.0015,200,114.6339
0.6147,0.0000,0.0000,0.0001,0.6129,0.0017,200,115.2723
0.6290,0.0000,0.0000,0.0001,0.6271,0.0018,200,115.8869
0.6243,0.0000,0.0000,0.0000,0.6226,0.0016,200,116.5159
0.6411,0.0000,0.0000,0.0000,0.6391,0.0018,200,117.1403
0.6418,0.0000,0.0000,0.0001,0.6403,0.0014,200,117.7814
0.6144,0.0000,0.0000,0.0000,0.6136,0.0007,200,118.4232
0.6144,0.0000,0.0000,0.0000,0.6131,0.0013,200,119.0376
0.6268,0.0000,0.0000,0.0000,0.6253,0.0015,200,119.6521
0.6270,0.0000,0.0000,0.0001,0.6249,0.0020,200,120.2789
0.6293,0.0000,0.0000,0.0001,0.6279,0.0013,200,120.9059
0.6308,0.0000,0.0000,0.0001,0.6290,0.0018,200,121.5352
0.6232,0.0000,0.0000,0.0001,0.6219,0.0013,200,122.1660
0.6476,0.0000,0.0000,0.0001,0.6460,0.0015,200,122.7892
0.6013,0.0000,0.0000,0.0000,0.5995,0.0017,200,123.4368
0.6639,0.0000,0.0000,0.0001,0.6623,0.0015,200,124.0381
0.6561,0.0000,0.0000,0.0001,0.6542,0.0017,200,124.7020
0.6122,0.0000,0.0000,0.0001,0.6112,0.0009,200,125.3581
0.6215,0.0000,0.0000,0.0000,0.6201,0.0013,200,125.9704
0.6650,0.0000,0.0000,0.0001,0.6630,0.0018,200,126.5919
0.6287,0.0000,0.0000,0.0001,0.6272,0.0014,200,127.2568
0.6337,0.0000,0.0000,0.0001,0.6320,0.0015,200,127.8855
0.6436,0.0000,0.0000,0.0000,0.6420,0.0014,200,128.5192
0.6193,0.0000,0.0000,0.0001,0.6176,0.0016,200,129.1628
0.6239,0.0000,0.0000,0.0001,0.6219,0.0019,200,129.7821
0.6195,0.0000,0.0000,0.0001,0.6173,0.0021,200,130.4060
0.6439,0.0000,0.0000,0.0001,0.6418,0.0020,200,131.0255
0.6143,0.0000,0.0000,0.0001,0.6127,0.0014,200,131.6694
0.6576,0.0000,0.0000,0.0001,0.6557,0.0018,200,132.2837
0.6296,0.0000,0.0000,0.0001,0.6278,0.0016,200,132.9412
0.6466,0.0000,0.0000,0.0001,0.6450,0.0014,200,133.5708
0.6567,0.0000,0.0000,0.0001,0.6549,0.0017,200,134.2174
0.6678,0.0000,0.0000,0.0001,0.6667,0.0011,200,134.8741
0.6426,0.0000,0.0000,0.0001,0.6410,0.0015,200,135.5420
0.6197,0.0000,0.0000,0.0001,0.6177,0.0019,200,136.1845
0.6653,0.0000,0.0000,0.0001,0.6638,0.0014,200,136.8043
0.6312,0.0000,0.0000,0.0001,0.6296,0.0015,200,137.4696
0.6192,0.0000,0.0000,0.0001,0.6176,0.0014,200,138.1008
0.6506,0.0000,0.0000,0.0001,0.6491,0.0014,200,138.7200
0.6253,0.0000,0.0000,0.0000,0.6234,0.0018,200,139.3706
0.6194,0.0000,0.0000,0.0001,0.6175,0.0016,200,139.9959
0.6407,0.0000,0.0000,0.0001,0.6388,0.0018,200,140.6152
0.6512,0.0000,0.0000,0.0001,0.6496,0.0016,200,141.2559
0.6165,0.0000,0.0000,0.0001,0.6148,0.0012,200,141.9072
0.6332,0.0000,0.0000,0.0001,0.6318,0.0013,200,142.5237
0.6260,0.0000,0.0000,0.0000,0.6244,0.0015,200,143.1569
0.6127,0.0000,0.0000,0.0001,0.6108,0.0017,200,143.7829
0.6371,0.0000,0.0000,0.0001,0.6353,0.0017,200,144.3956
0.6129,0.0000,0.0000,0.0001,0.6108,0.0020,200,145.0327
0.6087,0.0000,0.0000,0.0001,0.6067,0.0019,200,145.6456
0.6014,0.0000,0.0000,0.0001,0.5998,0.0014,200,146.2543
0.6069,0.0000,0.0000,0.0001,0.6053,0.0015,200,146.8556
0.6173,0.0000,0.0000,0.0001,0.6154,0.0018,200,147.4625
0.6139,0.0000,0.0000,0.0001,0.6123,0.0015,200,148.0799
0.6382,0.0000,0.0000,0.0001,0.6361,0.0019,200,148.6937
0.6186,0.0000,0.0000,0.0001,0.6172,0.0013,200,149.3319
0.6133,0.0000,0.0000,0.0001,0.6117,0.0015,200,149.9505
0.6422,0.0000,0.0000,0.0000,0.6403,0.0018,200,150.5638
0.6336,0.0000,0.0000,0.0001,0.6321,0.0014,200,151.2060
0.6224,0.0000,0.0000,0.0001,0.6203,0.0020,200,151.8396
0.6300,0.0000,0.0000,0.0001,0.6285,0.0014,200,152.4620
0.6227,0.0000,0.0000,0.0001,0.6211,0.0015,200,153.0920
0.6242,0.0000,0.0000,0.0001,0.6228,0.0012,200,153.7147
0.6297,0.0000,0.0000,0.0000,0.6279,0.0016,200,154.3389
0.6229,0.0000,0.0000,0.0001,0.6216,0.0010,200,154.9686
0.6166,0.0000,0.0000,0.0000,0.6151,0.0015,200,155.5914
0.6842,0.0000,0.0000,0.0001,0.6827,0.0014,200,156.2080
0.6156,0.0000,0.0000,0.0001,0.6139,0.0015,200,156.8922
0.6259,0.0000,0.0000,0.0001,0.6242,0.0015,200,157.5079
0.6284,0.0000,0.0000,0.0001,0.6266,0.0017,200,158.1337
0.6290,0.0000,0.0000,0.0001,0.6276,0.0013,200,158.7621
0.5958,0.0000,0.0000,0.0001,0.5938,0.0019,200,159.3911
0.6219,0.0000,0.0000,0.0001,0.6202,0.0015,200,159.9869
0.6308,0.0000,0.0000,0.0001,0.6289,0.0017,200,160.6088
0.6543,0.0000,0.0000,0.0001,0.6527,0.0015,200,161.2396
0.6444,0.0000,0.0000,0.0001,0.6427,0.0016,200,161.8939
0.6329,0.0000,0.0000,0.0001,0.6313,0.0015,200,162.5383
0.6407,0.0000,0.0000,0.0001,0.6387,0.0018,200,163.1712
0.6419,0.0000,0.0000,0.0001,0.6395,0.0022,200,163.8119
0.6039,0.0000,0.0000,0.0001,0.6018,0.0020,200,164.4538
0.6728,0.0000,0.0000,0.0001,0.6712,0.0016,200,165.0577
0.6274,0.0000,0.0000,0.0001,0.6256,0.0017,200,165.7306
0.6211,0.0000,0.0000,0.0001,0.6195,0.0014,200,166.3580
0.6310,0.0000,0.0000,0.0001,0.6288,0.0020,200,166.9791
0.6101,0.0000,0.0000,0.0001,0.6085,0.0015,200,167.6101
0.6467,0.0000,0.0000,0.0001,0.6446,0.0020,200,168.2202
0.6300,0.0000,0.0000,0.0001,0.6282,0.0017,200,168.8669
0.6056,0.0000,0.0000,0.0001,0.6039,0.0017,200,169.4968
0.6142,0.0000,0.0000,0.0001,0.6129,0.0011,200,170.1025
0.6361,0.0000,0.0000,0.0001,0.6345,0.0014,200,170.7166
0.6288,0.0000,0.0000,0.0001,0.6275,0.0011,200,171.3528
0.6215,0.0000,0.0000,0.0001,0.6199,0.0014,200,171.9816
0.6146,0.0000,0.0000,0.0001,0.6131,0.0015,200,172.6031
0.6167,0.0000,0.0000,0.0001,0.6154,0.0012,200,173.2177
0.6096,0.0000,0.0000,0.0000,0.6080,0.0015,200,173.8344
0.6265,0.0000,0.0000,0.0001,0.6247,0.0018,200,174.4441
0.6603,0.0000,0.0000,0.0001,0.6592,0.0010,200,175.0706
0.6144,0.0000,0.0000,0.0001,0.6124,0.0018,200,175.7309
0.6282,0.0000,0.0000,0.0001,0.6260,0.0021,200,176.3453
0.6279,0.0000,0.0000,0.0001,0.6261,0.0017,200,176.9735
0.6173,0.0000,0.0000,0.0001,0.6163,0.0009,200,177.6014
0.6174,0.0000,0.0000,0.0001,0.6162,0.0011,200,178.2187
0.6129,0.0000,0.0000,0.0000,0.6112,0.0016,200,178.8361
0.6339,0.0000,0.0000,0.0001,0.6321,0.0017,200,179.4490
0.6239,0.0000,0.0000,0.0001,0.6222,0.0016,200,180.0829
0.6362,0.0000,0.0000,0.0001,0.6359,0.0002,200,180.7068
0.6379,0.0000,0.0000,0.0001,0.6361,0.0017,200,181.3431
0.6180,0.0000,0.0000,0.0001,0.6165,0.0014,200,181.9810
0.6277,0.0000,0.0000,0.0000,0.6261,0.0015,200,182.5990
0.5922,0.0000,0.0000,0.0001,0.5913,0.0008,200,183.2267
0.6176,0.0000,0.0000,0.0000,0.6162,0.0012,200,183.8189
0.6499,0.0000,0.0000,0.0001,0.6482,0.0016,200,184.4364
0.6924,0.0000,0.0000,0.0001,0.6907,0.0016,200,185.0863
0.6234,0.0000,0.0000,0.0000,0.6219,0.0014,200,185.7787
0.6171,0.0000,0.0000,0.0001,0.6154,0.0015,200,186.4021
0.6223,0.0000,0.0000,0.0001,0.6203,0.0019,200,187.0192
0.6478,0.0000,0.0000,0.0001,0.6459,0.0017,200,187.6415
0.6276,0.0000,0.0000,0.0001,0.6258,0.0017,200,188.2894
0.6215,0.0000,0.0000,0.0001,0.6202,0.0012,200,188.9170
0.6283,0.0000,0.0000,0.0001,0.6268,0.0014,200,189.5385
0.6224,0.0000,0.0000,0.0001,0.6206,0.0017,200,190.1668
0.6166,0.0000,0.0000,0.0000,0.6150,0.0015,200,190.7892
0.6169,0.0000,0.0000,0.0001,0.6156,0.0011,200,191.4058
0.6425,0.0000,0.0000,0.0001,0.6409,0.0015,200,192.0227
0.6191,0.0000,0.0000,0.0001,0.6173,0.0017,200,192.6652
0.6280,0.0000,0.0000,0.0001,0.6259,0.0020,200,193.2844
0.6388,0.0000,0.0000,0.0001,0.6371,0.0016,200,193.9123
0.5969,0.0000,0.0000,0.0001,0.5951,0.0017,200,194.5511
0.6592,0.0000,0.0000,0.0001,0.6567,0.0023,200,195.1480
0.6848,0.0000,0.0000,0.0001,0.6834,0.0013,200,195.8072
0.6115,0.0000,0.0000,0.0001,0.6098,0.0016,200,196.4920
0.6316,0.0000,0.0000,0.0000,0.6296,0.0019,200,197.1035
0.6690,0.0000,0.0000,0.0001,0.6674,0.0015,200,197.7351
0.6126,0.0000,0.0000,0.0001,0.6108,0.0017,200,198.4041
0.6211,0.0000,0.0000,0.0001,0.6193,0.0017,200,199.0167
0.6150,0.0000,0.0000,0.0001,0.6131,0.0017,200,199.6378
0.6227,0.0000,0.0000,0.0001,0.6209,0.0018,200,200.2528
0.6432,0.0000,0.0000,0.0001,0.6415,0.0016,200,200.8756
0.6186,0.0000,0.0000,0.0001,0.6174,0.0011,200,201.5188
0.6406,0.0000,0.0000,0.0001,0.6392,0.0012,200,202.1374
0.6281,0.0000,0.0000,0.0001,0.6267,0.0012,200,202.7781
0.6267,0.0000,0.0000,0.0001,0.6247,0.0019,200,203.4061
0.6422,0.0000,0.0000,0.0001,0.6400,0.0021,200,204.0329
0.6599,0.0000,0.0000,0.0001,0.6580,0.0018,200,204.6751
0.6321,0.0000,0.0000,0.0001,0.6303,0.0017,200,205.3350
0.6762,0.0000,0.0000,0.0001,0.6746,0.0014,200,205.9672
0.6453,0.0000,0.0000,0.0001,0.6439,0.0013,200,206.6433
0.6527,0.0000,0.0000,0.0003,0.6506,0.0017,200,207.2887
0.6074,0.0000,0.0000,0.0001,0.6056,0.0017,200,207.9413
0.6297,0.0000,0.0000,0.0001,0.6288,0.0007,200,208.5487
0.6442,0.0000,0.0000,0.0001,0.6432,0.0009,200,209.1784
0.6120,0.0000,0.0000,0.0000,0.6106,0.0014,200,209.8226
0.6415,0.0000,0.0000,0.0001,0.6401,0.0013,200,210.4346
0.6049,0.0000,0.0000,0.0001,0.6028,0.0020,200,211.0762
0.5945,0.0000,0.0000,0.0001,0.5933,0.0010,200,211.6811
0.6443,0.0000,0.0000,0.0001,0.6424,0.0018,200,212.2756
0.6370,0.0000,0.0000,0.0001,0.6355,0.0015,200,212.9199
0.6224,0.0000,0.0000,0.0001,0.6206,0.0017,200,213.5569
0.6571,0.0000,0.0000,0.0001,0.6555,0.0015,200,214.1793
0.6634,0.0000,0.0000,0.0003,0.6616,0.0014,200,214.8365
0.6344,0.0000,0.0000,0.0001,0.6326,0.0016,200,215.4999
0.6625,0.0000,0.0000,0.0001,0.6607,0.0017,200,216.1343
0.6351,0.0000,0.0000,0.0001,0.6336,0.0014,200,216.7968
0.6562,0.0000,0.0000,0.0001,0.6544,0.0017,200,217.4319
0.6376,0.0000,0.0000,0.0001,0.6363,0.0012,200,218.0881
0.6263,0.0000,0.0000,0.0000,0.6248,0.0014,200,218.7257
0.6477,0.0000,0.0000,0.0001,0.6469,0.0007,200,219.3520
0.6381,0.0000,0.0000,0.0000,0.6368,0.0012,200,219.9998
0.6218,0.0000,0.0000,0.0001,0.6200,0.0017,200,220.6378
0.6372,0.0000,0.0000,0.0001,0.6358,0.0013,200,221.2597
0.6305,0.0000,0.0000,0.0000,0.6296,0.0008,200,221.8969
0.6362,0.0000,0.0000,0.0000,0.6355,0.0007,200,222.5274
0.6197,0.0000,0.0000,0.0001,0.6186,0.0009,200,223.1636
0.6351,0.0000,0.0000,0.0000,0.6334,0.0016,200,223.7833
0.6120,0.0000,0.0000,0.0001,0.6102,0.0017,200,224.4184
0.6424,0.0000,0.0000,0.0001,0.6408,0.0014,200,225.0304
0.6151,0.0000,0.0000,0.0000,0.6134,0.0015,200,225.6728
0.6104,0.0000,0.0000,0.0001,0.6088,0.0014,200,226.2879
0.6384,0.0000,0.0000,0.0000,0.6366,0.0018,200,226.8983
0.6135,0.0000,0.0000,0.0001,0.6116,0.0017,200,227.5367
0.6084,0.0000,0.0000,0.0001,0.6056,0.0027,200,228.1502
0.6117,0.0000,0.0000,0.0001,0.6072,0.0018,200,228.7586
0.6091,0.0000,0.0000,0.0001,0.6082,0.0007,200,229.3703
0.6380,0.0000,0.0000,0.0000,0.6360,0.0019,200,229.9794
0.6385,0.0000,0.0000,0.0001,0.6369,0.0016,200,230.6174
0.6150,0.0000,0.0000,0.0001,0.6138,0.0011,200,231.2559
0.6158,0.0000,0.0000,0.0001,0.6144,0.0012,200,231.8710
0.6065,0.0000,0.0000,0.0001,0.6048,0.0016,200,232.4868
0.6059,0.0000,0.0000,0.0001,0.6045,0.0013,200,233.0933
0.6481,0.0000,0.0000,0.0001,0.6468,0.0012,200,233.6992
0.6196,0.0000,0.0000,0.0001,0.6181,0.0014,200,234.3473
0.6484,0.0000,0.0000,0.0000,0.6468,0.0016,200,234.9670
0.6310,0.0000,0.0000,0.0001,0.6295,0.0014,200,235.6154
0.6092,0.0000,0.0000,0.0001,0.6077,0.0013,200,236.2464
0.6341,0.0000,0.0000,0.0000,0.6328,0.0012,200,236.8556
0.6185,0.0000,0.0000,0.0000,0.6169,0.0014,200,237.4896
0.6467,0.0000,0.0000,0.0001,0.6464,0.0003,200,238.1081
0.6310,0.0000,0.0000,0.0001,0.6290,0.0018,200,238.7548
0.6448,0.0000,0.0000,0.0001,0.6436,0.0011,200,239.3858
0.6426,0.0000,0.0000,0.0000,0.6410,0.0015,200,240.0307
0.6250,0.0000,0.0000,0.0001,0.6232,0.0014,200,240.6732
0.6230,0.0000,0.0000,0.0000,0.6214,0.0015,200,241.2982
0.6174,0.0000,0.0000,0.0001,0.6154,0.0017,200,241.9212
0.6332,0.0000,0.0000,0.0001,0.6314,0.0016,200,242.5386
0.6391,0.0000,0.0000,0.0001,0.6380,0.0009,200,243.1718
0.6137,0.0000,0.0000,0.0000,0.6110,0.0026,200,243.8108
0.6168,0.0000,0.0000,0.0001,0.6142,0.0022,200,244.4246
0.6189,0.0000,0.0000,0.0000,0.6171,0.0017,200,245.0413
0.6333,0.0000,0.0000,0.0001,0.6312,0.0020,200,245.6602
0.6198,0.0000,0.0000,0.0001,0.6184,0.0013,200,246.2936
0.6501,0.0000,0.0000,0.0001,0.6485,0.0016,200,246.9133
0.6664,0.0000,0.0000,0.0001,0.6649,0.0013,200,247.5635
0.6459,0.0000,0.0000,0.0001,0.6446,0.0012,200,248.2299
0.6197,0.0000,0.0000,0.0000,0.6178,0.0018,200,248.8758
0.6303,0.0000,0.0000,0.0001,0.6282,0.0020,200,249.4955
0.6296,0.0000,0.0000,0.0001,0.6279,0.0016,200,250.1258
0.6176,0.0000,0.0000,0.0000,0.6143,0.0031,200,250.7554
0.6259,0.0000,0.0000,0.0001,0.6244,0.0014,200,251.3730
0.6321,0.0000,0.0000,0.0001,0.6306,0.0014,200,251.9989
0.6321,0.0000,0.0000,0.0001,0.6300,0.0020,200,252.6310
0.6180,0.0000,0.0000,0.0001,0.6167,0.0012,200,253.2631
0.6261,0.0000,0.0000,0.0000,0.6245,0.0015,200,253.8812
0.6070,0.0000,0.0000,0.0001,0.6056,0.0013,200,254.5073
0.6058,0.0000,0.0000,0.0000,0.6043,0.0014,200,255.1143
0.6199,0.0000,0.0000,0.0001,0.6188,0.0010,200,255.7201
0.6211,0.0000,0.0000,0.0001,0.6193,0.0017,200,256.3399
0.6473,0.0000,0.0000,0.0001,0.6456,0.0016,200,256.9610
0.6144,0.0000,0.0000,0.0001,0.6131,0.0011,200,257.6084
0.6153,0.0000,0.0000,0.0001,0.6142,0.0010,200,258.2228
0.6272,0.0000,0.0000,0.0001,0.6257,0.0014,200,258.8381
0.6256,0.0000,0.0000,0.0001,0.6239,0.0016,200,259.4653
0.6152,0.0000,0.0000,0.0001,0.6141,0.0010,200,260.0910
0.6319,0.0000,0.0000,0.0001,0.6303,0.0015,200,260.7063
0.6500,0.0000,0.0000,0.0001,0.6486,0.0013,200,261.3382
0.6322,0.0000,0.0000,0.0001,0.6304,0.0016,200,261.9882
0.6215,0.0000,0.0000,0.0001,0.6198,0.0017,200,262.6204
0.6457,0.0000,0.0000,0.0001,0.6436,0.0019,200,263.2420
0.6178,0.0000,0.0000,0.0001,0.6155,0.0021,200,263.8877
0.6266,0.0000,0.0000,0.0001,0.6245,0.0021,200,264.5054
0.6303,0.0000,0.0000,0.0000,0.6291,0.0011,200,265.1321
0.6256,0.0000,0.0000,0.0001,0.6239,0.0015,200,265.7624
0.6264,0.0000,0.0000,0.0001,0.6251,0.0012,200,266.3880
0.6547,0.0000,0.0000,0.0001,0.6529,0.0017,200,267.0144
0.6365,0.0000,0.0000,0.0000,0.6354,0.0010,200,267.6691
0.6076,0.0000,0.0000,0.0001,0.6065,0.0010,200,268.3056
0.6269,0.0000,0.0000,0.0000,0.6254,0.0014,200,268.9132
0.6109,0.0000,0.0000,0.0001,0.6086,0.0022,200,269.5401
0.6153,0.0000,0.0000,0.0001,0.6136,0.0016,200,270.1510
0.6112,0.0000,0.0000,0.0001,0.6095,0.0015,200,270.7663
0.6445,0.0000,0.0000,0.0001,0.6427,0.0017,200,271.3775
0.6094,0.0000,0.0000,0.0001,0.6079,0.0013,200,272.0220
0.6030,0.0000,0.0000,0.0001,0.6016,0.0013,200,272.6314
0.6278,0.0000,0.0000,0.0001,0.6262,0.0015,200,273.2344
0.6174,0.0000,0.0000,0.0000,0.6156,0.0015,200,273.8622
0.6102,0.0000,0.0000,0.0001,0.6082,0.0020,200,274.4797
0.6435,0.0000,0.0000,0.0001,0.6402,0.0032,200,275.0899
0.6002,0.0000,0.0000,0.0001,0.5984,0.0016,200,275.7334
0.6325,0.0000,0.0000,0.0001,0.6306,0.0017,200,276.3336
0.6315,0.0000,0.0000,0.0001,0.6288,0.0026,200,276.9660
0.6752,0.0000,0.0000,0.0001,0.6735,0.0017,200,277.5976
0.6209,0.0000,0.0000,0.0001,0.6187,0.0021,200,278.2728
0.6173,0.0000,0.0000,0.0001,0.6155,0.0017,200,278.8938
0.6253,0.0000,0.0000,0.0001,0.6235,0.0016,200,279.5111
0.6198,0.0000,0.0000,0.0001,0.6184,0.0011,200,280.1364
0.6162,0.0000,0.0000,0.0001,0.6144,0.0016,200,280.7562
0.6267,0.0000,0.0000,0.0001,0.6250,0.0015,200,281.3724
0.6314,0.0000,0.0000,0.0001,0.6296,0.0016,200,281.9990
0.6249,0.0000,0.0000,0.0001,0.6232,0.0015,200,282.6304
0.6146,0.0000,0.0000,0.0001,0.6129,0.0016,200,283.2553
0.6689,0.0000,0.0000,0.0001,0.6673,0.0015,200,283.8700
0.6226,0.0000,0.0000,0.0001,0.6209,0.0016,200,284.5389
0.6262,0.0000,0.0000,0.0001,0.6251,0.0010,200,285.1615
0.6348,0.0000,0.0000,0.0000,0.6334,0.0013,200,285.7878
0.6479,0.0000,0.0000,0.0001,0.6465,0.0013,200,286.4225
0.6336,0.0000,0.0000,0.0001,0.6321,0.0014,200,287.0705
0.6281,0.0000,0.0000,0.0000,0.6259,0.0021,200,287.7040
0.6217,0.0000,0.0000,0.0001,0.6199,0.0017,200,288.3322
0.6024,0.0000,0.0000,0.0001,0.6006,0.0016,200,288.9539
0.6239,0.0000,0.0000,0.0001,0.6223,0.0015,200,289.5563
0.6404,0.0000,0.0000,0.0000,0.6388,0.0015,200,290.1802
0.6321,0.0000,0.0000,0.0001,0.6301,0.0017,200,290.8206
0.6115,0.0000,0.0000,0.0002,0.6097,0.0015,200,291.4526
0.6514,0.0000,0.0000,0.0001,0.6498,0.0015,200,292.0641
0.6104,0.0000,0.0000,0.0001,0.6086,0.0016,200,292.7155
0.6035,0.0000,0.0000,0.0001,0.6017,0.0017,200,293.3259
0.6194,0.0000,0.0000,0.0001,0.6175,0.0018,200,293.9294
0.6332,0.0000,0.0000,0.0001,0.6315,0.0016,200,294.5488
0.6331,0.0000,0.0000,0.0001,0.6323,0.0007,200,295.1820
0.6267,0.0000,0.0000,0.0001,0.6249,0.0017,200,295.8151
0.6150,0.0000,0.0000,0.0001,0.6132,0.0017,200,296.4418
0.6322,0.0000,0.0000,0.0001,0.6305,0.0015,200,297.0568
0.6276,0.0000,0.0000,0.0000,0.6249,0.0026,200,297.6890
0.7728,0.0000,0.0000,0.0001,0.7714,0.0012,200,298.3166
0.6227,0.0000,0.0000,0.0000,0.6211,0.0015,200,299.0894
0.6123,0.0000,0.0000,0.0001,0.6119,0.0003,200,299.7120
0.6268,0.0000,0.0000,0.0001,0.6254,0.0010,200,300.3243
0.6216,0.0000,0.0000,0.0001,0.6198,0.0017,200,300.9512
0.6113,0.0000,0.0000,0.0001,0.6098,0.0014,200,301.5727
0.6520,0.0000,0.0000,0.0001,0.6503,0.0015,200,302.1840
0.6301,0.0000,0.0000,0.0001,0.6283,0.0016,200,302.8360
0.6121,0.0000,0.0000,0.0001,0.6100,0.0020,200,303.4661
0.6323,0.0000,0.0000,0.0001,0.6302,0.0019,200,304.0782
0.6164,0.0000,0.0000,0.0001,0.6148,0.0014,200,304.7105
0.6330,0.0000,0.0000,0.0001,0.6320,0.0008,200,305.3268
0.6339,0.0000,0.0000,0.0000,0.6330,0.0008,200,305.9598
0.6568,0.0000,0.0000,0.0000,0.6553,0.0015,200,306.5937
0.6284,0.0000,0.0000,0.0001,0.6267,0.0016,200,307.2505
0.6523,0.0000,0.0000,0.0001,0.6507,0.0015,200,307.8789
0.9737,0.0000,0.0000,0.0001,0.9718,0.0018,200,308.5312
0.6285,0.0000,0.0000,0.0001,0.6266,0.0017,200,309.5050
0.6366,0.0000,0.0000,0.0000,0.6349,0.0016,200,310.1334
0.6582,0.0000,0.0000,0.0001,0.6565,0.0016,200,310.7700
0.6133,0.0000,0.0000,0.0001,0.6115,0.0017,200,311.4282
0.6252,0.0000,0.0000,0.0001,0.6231,0.0020,200,312.0415
0.6277,0.0000,0.0000,0.0001,0.6261,0.0015,200,312.6667
0.6563,0.0000,0.0000,0.0001,0.6534,0.0028,200,313.2944
0.6076,0.0000,0.0000,0.0001,0.6069,0.0006,200,313.9507
0.6309,0.0000,0.0000,0.0000,0.6290,0.0018,200,314.5583
0.6320,0.0000,0.0000,0.0001,0.6303,0.0016,200,315.1892
0.6155,0.0000,0.0000,0.0001,0.6136,0.0018,200,315.8213
0.6254,0.0000,0.0000,0.0001,0.6239,0.0014,200,316.4368
0.6240,0.0000,0.0000,0.0001,0.6225,0.0013,200,317.0623
0.6246,0.0000,0.0000,0.0001,0.6228,0.0017,200,317.6862
0.6174,0.0000,0.0000,0.0001,0.6160,0.0012,200,318.3108
0.6379,0.0000,0.0000,0.0001,0.6365,0.0013,200,318.9282
0.6304,0.0000,0.0000,0.0001,0.6284,0.0018,200,319.5660
0.6093,0.0000,0.0000,0.0002,0.6073,0.0017,200,320.1964
0.6340,0.0000,0.0000,0.0000,0.6321,0.0018,200,320.8057
0.6344,0.0000,0.0000,0.0001,0.6330,0.0013,200,321.4397
0.6397,0.0000,0.0000,0.0001,0.6377,0.0018,200,322.0741
0.6331,0.0000,0.0000,0.0001,0.6316,0.0014,200,322.7138
0.6184,0.0000,0.0000,0.0000,0.6166,0.0017,200,323.3469
0.6366,0.0000,0.0000,0.0000,0.6347,0.0018,200,323.9653
0.6169,0.0000,0.0000,0.0001,0.6158,0.0010,200,324.6019
0.6060,0.0000,0.0000,0.0001,0.6043,0.0016,200,325.2188
0.6606,0.0000,0.0000,0.0001,0.6585,0.0019,200,325.8248
0.6867,0.0000,0.0000,0.0000,0.6844,0.0022,200,326.4854
0.6073,0.0000,0.0000,0.0001,0.6060,0.0011,200,327.1721
0.6515,0.0000,0.0000,0.0001,0.6498,0.0016,200,327.7794
0.6591,0.0000,0.0000,0.0000,0.6573,0.0017,200,328.4309
0.6263,0.0000,0.0000,0.0000,0.6248,0.0015,200,329.0899
0.6226,0.0000,0.0000,0.0001,0.6209,0.0016,200,329.7163
0.6203,0.0000,0.0000,0.0000,0.6184,0.0018,200,330.3389
0.6067,0.0000,0.0000,0.0001,0.6050,0.0016,200,330.9592
0.6186,0.0000,0.0000,0.0001,0.6173,0.0011,200,331.5659
0.6063,0.0000,0.0000,0.0001,0.6051,0.0009,200,332.1845
0.6140,0.0000,0.0000,0.0001,0.6123,0.0016,200,332.7908
0.6308,0.0000,0.0000,0.0001,0.6293,0.0013,200,333.4048
0.6511,0.0000,0.0000,0.0001,0.6494,0.0015,200,334.0356
0.6166,0.0000,0.0000,0.0001,0.6153,0.0012,200,334.6867
0.6260,0.0000,0.0000,0.0001,0.6242,0.0017,200,335.3034
0.6190,0.0000,0.0000,0.0001,0.6171,0.0016,200,335.9294
0.6435,0.0000,0.0000,0.0001,0.6420,0.0014,200,336.5484
0.6255,0.0000,0.0000,0.0001,0.6233,0.0022,200,337.1920
0.6183,0.0000,0.0000,0.0001,0.6168,0.0014,200,337.8175
0.6139,0.0000,0.0000,0.0001,0.6119,0.0018,200,338.4358
0.6094,0.0000,0.0000,0.0000,0.6078,0.0015,200,339.0497
0.6352,0.0000,0.0000,0.0001,0.6338,0.0013,200,339.6591
0.6329,0.0000,0.0000,0.0001,0.6312,0.0016,200,340.2943
0.6190,0.0000,0.0000,0.0002,0.6171,0.0016,200,340.9272
0.6173,0.0000,0.0000,0.0001,0.6158,0.0014,200,341.5462
0.6093,0.0000,0.0000,0.0001,0.6077,0.0015,200,342.1635
0.6194,0.0000,0.0000,0.0001,0.6173,0.0020,200,342.7728
0.6706,0.0000,0.0000,0.0001,0.6693,0.0012,200,343.3923
0.6141,0.0000,0.0000,0.0001,0.6124,0.0016,200,344.0629
0.6222,0.0000,0.0000,0.0001,0.6214,0.0008,200,344.6770
0.6113,0.0000,0.0000,0.0000,0.6101,0.0012,200,345.2993
0.6502,0.0000,0.0000,0.0001,0.6479,0.0021,200,345.9106
0.6219,0.0000,0.0000,0.0000,0.6206,0.0012,200,346.5607
0.6092,0.0000,0.0000,0.0001,0.6074,0.0017,200,347.1826
0.6385,0.0000,0.0000,0.0001,0.6374,0.0010,200,347.7919
0.6415,0.0000,0.0000,0.0000,0.6396,0.0019,200,348.4304
0.6088,0.0000,0.0000,0.0001,0.6067,0.0019,200,349.0719
0.7832,0.0000,0.0000,0.0001,0.7814,0.0017,200,349.6808
0.6323,0.0000,0.0000,0.0001,0.6308,0.0014,200,350.4640
0.6419,0.0000,0.0000,0.0001,0.6397,0.0021,200,351.0964
0.6456,0.0000,0.0000,0.0001,0.6440,0.0015,200,351.7383
0.6524,0.0000,0.0000,0.0001,0.6507,0.0016,200,352.3839
0.6062,0.0000,0.0000,0.0001,0.6046,0.0014,200,353.0363
0.6742,0.0000,0.0000,0.0001,0.6725,0.0016,200,353.6425
0.6106,0.0000,0.0000,0.0001,0.6087,0.0016,200,354.3166
0.6332,0.0000,0.0000,0.0001,0.6324,0.0006,200,354.9272
0.6062,0.0000,0.0000,0.0000,0.6046,0.0015,200,355.5604
0.6214,0.0000,0.0000,0.0001,0.6200,0.0012,200,356.1666
0.6457,0.0000,0.0000,0.0001,0.6436,0.0019,200,356.7880
0.6251,0.0000,0.0000,0.0001,0.6235,0.0015,200,357.4338
0.6090,0.0000,0.0000,0.0000,0.6078,0.0011,200,358.0588
0.6025,0.0000,0.0000,0.0001,0.6009,0.0015,200,358.6678
0.6291,0.0000,0.0000,0.0001,0.6274,0.0016,200,359.2704
0.6402,0.0000,0.0000,0.0001,0.6387,0.0014,200,359.8995
0.6568,0.0000,0.0000,0.0001,0.6553,0.0014,200,360.5397
0.6217,0.0000,0.0000,0.0001,0.6202,0.0014,200,361.1965
0.6505,0.0000,0.0000,0.0000,0.6484,0.0020,200,361.8182
0.6065,0.0000,0.0000,0.0001,0.6049,0.0015,200,362.4687
0.6566,0.0000,0.0000,0.0001,0.6544,0.0020,200,363.0752
0.6456,0.0000,0.0000,0.0001,0.6436,0.0018,200,363.7318
0.6427,0.0000,0.0000,0.0001,0.6412,0.0014,200,364.3774
0.6478,0.0000,0.0000,0.0001,0.6460,0.0018,200,365.0201
0.6314,0.0000,0.0000,0.0001,0.6297,0.0016,200,365.6679
0.6045,0.0000,0.0000,0.0000,0.6022,0.0022,200,366.2994
0.6141,0.0000,0.0000,0.0000,0.6131,0.0009,200,366.9039
0.6227,0.0000,0.0000,0.0001,0.6212,0.0014,200,367.5180
0.6225,0.0000,0.0000,0.0001,0.6208,0.0013,200,368.1407
0.6132,0.0000,0.0000,0.0001,0.6114,0.0017,200,368.7632
0.6261,0.0000,0.0000,0.0001,0.6244,0.0016,200,369.3764
0.6603,0.0000,0.0000,0.0000,0.6587,0.0015,200,370.0026
0.6192,0.0000,0.0000,0.0001,0.6172,0.0018,200,370.6629
0.6291,0.0000,0.0000,0.0002,0.6275,0.0013,200,371.2821
0.6585,0.0000,0.0000,0.0001,0.6565,0.0018,200,371.9112
0.6401,0.0000,0.0000,0.0001,0.6385,0.0015,200,372.5696
0.6071,0.0000,0.0000,0.0000,0.6053,0.0017,200,373.2098
0.6165,0.0000,0.0000,0.0001,0.6141,0.0022,200,373.8168
0.6167,0.0000,0.0000,0.0001,0.6147,0.0019,200,374.4333
0.6121,0.0000,0.0000,0.0001,0.6104,0.0016,200,375.0500
0.5927,0.0000,0.0000,0.0000,0.5909,0.0017,200,375.6621
0.6289,0.0000,0.0000,0.0001,0.6269,0.0018,200,376.2549
0.6278,0.0000,0.0000,0.0001,0.6262,0.0014,200,376.8838
0.6269,0.0000,0.0000,0.0001,0.6247,0.0021,200,377.5115
0.6051,0.0000,0.0000,0.0001,0.6033,0.0017,200,378.1385
0.6325,0.0000,0.0000,0.0001,0.6313,0.0011,200,378.7436
0.6255,0.0000,0.0000,0.0000,0.6238,0.0016,200,379.3761
0.6408,0.0000,0.0000,0.0001,0.6379,0.0028,200,380.0016
0.6146,0.0000,0.0000,0.0001,0.6128,0.0017,200,380.6424
0.6266,0.0000,0.0000,0.0001,0.6242,0.0024,200,381.2571
0.6435,0.0000,0.0000,0.0001,0.6417,0.0017,200,381.8837
0.6520,0.0000,0.0000,0.0001,0.6502,0.0017,200,382.5272
0.5965,0.0000,0.0000,0.0001,0.5956,0.0008,200,383.1792
0.6448,0.0000,0.0000,0.0000,0.6431,0.0016,200,383.7757
0.6595,0.0000,0.0000,0.0000,0.6587,0.0007,200,384.4204
0.6249,0.0000,0.0000,0.0000,0.6233,0.0015,200,385.0799
0.6416,0.0000,0.0000,0.0001,0.6408,0.0007,200,385.7049
0.6253,0.0000,0.0000,0.0000,0.6237,0.0016,200,386.3464
0.6366,0.0000,0.0000,0.0001,0.6350,0.0015,200,386.9718
0.6155,0.0000,0.0000,0.0000,0.6135,0.0019,200,387.6084
0.6101,0.0000,0.0000,0.0001,0.6081,0.0019,200,388.2239
0.6415,0.0000,0.0000,0.0002,0.6398,0.0015,200,388.8340
0.6223,0.0000,0.0000,0.0001,0.6201,0.0021,200,389.4755
0.6696,0.0000,0.0000,0.0001,0.6682,0.0013,200,390.0979
0.6195,0.0000,0.0000,0.0000,0.6174,0.0020,200,390.7674
0.5929,0.0000,0.0000,0.0001,0.5909,0.0017,200,391.3870
0.6263,0.0000,0.0000,0.0000,0.6248,0.0015,200,391.9799
0.6437,0.0000,0.0000,0.0001,0.6421,0.0015,200,392.6062
0.6069,0.0000,0.0000,0.0001,0.6049,0.0019,200,393.2499
0.6062,0.0000,0.0000,0.0001,0.6051,0.0010,200,393.8568
0.6320,0.0000,0.0000,0.0000,0.6300,0.0019,200,394.4630
0.6449,0.0000,0.0000,0.0001,0.6430,0.0017,200,395.0951
0.6333,0.0000,0.0000,0.0001,0.6314,0.0018,200,395.7400
0.6562,0.0000,0.0000,0.0001,0.6547,0.0015,200,396.3733
0.6399,0.0000,0.0000,0.0000,0.6382,0.0016,200,397.0296
0.6401,0.0000,0.0000,0.0001,0.6383,0.0017,200,397.6695
0.6520,0.0000,0.0000,0.0001,0.6502,0.0016,200,398.3096
0.6226,0.0000,0.0000,0.0000,0.6206,0.0019,200,398.9615
0.6178,0.0000,0.0000,0.0001,0.6158,0.0018,200,399.5841
0.9382,0.0000,0.0000,0.0001,0.9365,0.0016,200,400.2019
0.6146,0.0000,0.0000,0.0001,0.6135,0.0010,200,401.1401
0.6675,0.0000,0.0000,0.0001,0.6663,0.0010,200,401.7548
0.6158,0.0000,0.0000,0.0001,0.6138,0.0018,200,402.4222
0.6398,0.0000,0.0000,0.0001,0.6381,0.0016,200,403.0380
0.6143,0.0000,0.0000,0.0001,0.6128,0.0014,200,403.6779
0.6321,0.0000,0.0000,0.0001,0.6296,0.0024,200,404.2922
0.6363,0.0000,0.0000,0.0001,0.6348,0.0013,200,404.9243
0.6264,0.0000,0.0000,0.0001,0.6247,0.0016,200,405.5605
0.6196,0.0000,0.0000,0.0001,0.6189,0.0007,200,406.1870
0.6469,0.0000,0.0000,0.0000,0.6448,0.0020,200,406.8066
0.6536,0.0000,0.0000,0.0001,0.6518,0.0017,200,407.4536
0.6437,0.0000,0.0000,0.0001,0.6423,0.0013,200,408.1072
0.6176,0.0000,0.0000,0.0001,0.6158,0.0016,200,408.7509
0.6295,0.0000,0.0000,0.0001,0.6276,0.0017,200,409.3685
0.6250,0.0000,0.0000,0.0001,0.6235,0.0014,200,409.9980
0.5995,0.0000,0.0000,0.0001,0.5978,0.0015,200,410.6230
0.6456,0.0000,0.0000,0.0001,0.6441,0.0014,200,411.2225
0.6393,0.0000,0.0000,0.0001,0.6376,0.0016,200,411.8681
0.6186,0.0000,0.0000,0.0001,0.6168,0.0016,200,412.5074
0.6374,0.0000,0.0000,0.0000,0.6359,0.0014,200,413.1260
0.6304,0.0000,0.0000,0.0000,0.6285,0.0017,200,413.7634
0.6070,0.0000,0.0000,0.0001,0.6052,0.0017,200,414.3938
0.6408,0.0000,0.0000,0.0000,0.6387,0.0020,200,415.0008
0.6831,0.0000,0.0000,0.0001,0.6814,0.0016,200,415.6416
0.6221,0.0000,0.0000,0.0001,0.6211,0.0009,200,416.3248
0.6344,0.0000,0.0000,0.0000,0.6329,0.0015,200,416.9468
0.6252,0.0000,0.0000,0.0001,0.6233,0.0017,200,417.5813
0.6247,0.0000,0.0000,0.0001,0.6229,0.0016,200,418.2065
0.6449,0.0000,0.0000,0.0001,0.6431,0.0018,200,418.8311
0.6179,0.0000,0.0000,0.0001,0.6159,0.0018,200,419.4761
0.6217,0.0000,0.0000,0.0000,0.6202,0.0014,200,420.0939
0.6319,0.0000,0.0000,0.0001,0.6298,0.0019,200,420.7157
0.6401,0.0000,0.0000,0.0001,0.6382,0.0018,200,421.3476
0.6253,0.0000,0.0000,0.0001,0.6234,0.0016,200,421.9877
0.6228,0.0000,0.0000,0.0001,0.6211,0.0016,200,422.6130
0.6023,0.0000,0.0000,0.0001,0.6009,0.0013,200,423.2358
0.6343,0.0000,0.0000,0.0001,0.6328,0.0015,200,423.8381
0.6337,0.0000,0.0000,0.0001,0.6312,0.0024,200,424.4724
0.6319,0.0000,0.0000,0.0001,0.6303,0.0015,200,425.1061
0.6151,0.0000,0.0000,0.0001,0.6147,0.0003,200,425.7381
0.6177,0.0000,0.0000,0.0001,0.6160,0.0015,200,426.3532
0.6102,0.0000,0.0000,0.0001,0.6084,0.0017,200,426.9708
0.6082,0.0000,0.0000,0.0001,0.6064,0.0017,200,427.5811
0.6184,0.0000,0.0000,0.0001,0.6166,0.0017,200,428.1893
0.6306,0.0000,0.0000,0.0001,0.6298,0.0007,200,428.8077
0.6295,0.0000,0.0000,0.0000,0.6279,0.0015,200,429.4383
0.6456,0.0000,0.0000,0.0001,0.6442,0.0014,200,430.0678
0.6204,0.0000,0.0000,0.0002,0.6180,0.0022,200,430.7135
0.6520,0.0000,0.0000,0.0001,0.6504,0.0014,200,431.3339
0.6363,0.0000,0.0000,0.0001,0.6346,0.0016,200,431.9859
0.6540,0.0000,0.0000,0.0001,0.6525,0.0013,200,432.6221
0.6475,0.0000,0.0000,0.0001,0.6460,0.0013,200,433.2761
0.6425,0.0000,0.0000,0.0001,0.6406,0.0018,200,433.9236
0.6278,0.0000,0.0000,0.0001,0.6261,0.0016,200,434.5661
0.6319,0.0000,0.0000,0.0001,0.6309,0.0008,200,435.1939
0.6461,0.0000,0.0000,0.0000,0.6446,0.0014,200,435.8258
0.6057,0.0000,0.0000,0.0001,0.6040,0.0016,200,436.4718
0.6396,0.0000,0.0000,0.0000,0.6379,0.0016,200,437.0775
0.6460,0.0000,0.0000,0.0001,0.6442,0.0015,200,437.7172
0.6105,0.0000,0.0000,0.0001,0.6094,0.0010,200,438.3632
0.6488,0.0000,0.0000,0.0001,0.6470,0.0017,200,438.9737
0.5968,0.0000,0.0000,0.0001,0.5951,0.0016,200,439.6225
0.6212,0.0000,0.0000,0.0001,0.6195,0.0015,200,440.2194
0.6323,0.0000,0.0000,0.0001,0.6306,0.0016,200,440.8405
0.6215,0.0000,0.0000,0.0001,0.6195,0.0019,200,441.4729
0.6221,0.0000,0.0000,0.0001,0.6205,0.0015,200,442.0944
0.6143,0.0000,0.0000,0.0001,0.6129,0.0013,200,442.7165
0.6049,0.0000,0.0000,0.0001,0.6031,0.0016,200,443.3308
0.6263,0.0000,0.0000,0.0001,0.6245,0.0016,200,443.9357
0.6358,0.0000,0.0000,0.0001,0.6344,0.0013,200,444.5620
0.6551,0.0000,0.0000,0.0001,0.6531,0.0019,200,445.1978
0.6419,0.0000,0.0000,0.0000,0.6405,0.0014,200,445.8529
0.6487,0.0000,0.0000,0.0001,0.6471,0.0015,200,446.4949
0.6243,0.0000,0.0000,0.0001,0.6194,0.0048,200,447.1436
0.6295,0.0000,0.0000,0.0001,0.6278,0.0016,200,447.7679
0.6207,0.0000,0.0000,0.0001,0.6185,0.0020,200,448.3974
0.6130,0.0000,0.0000,0.0002,0.6113,0.0015,200,449.0181
0.6103,0.0000,0.0000,0.0001,0.6080,0.0022,200,449.6311
0.6208,0.0000,0.0000,0.0001,0.6190,0.0017,200,450.2414
0.6558,0.0000,0.0000,0.0000,0.6545,0.0012,200,450.8622
0.6396,0.0000,0.0000,0.0000,0.6375,0.0019,200,451.5180
0.6223,0.0000,0.0000,0.0001,0.6207,0.0014,200,452.1575
0.6279,0.0000,0.0000,0.0001,0.6263,0.0015,200,452.7798
0.6084,0.0000,0.0000,0.0001,0.6071,0.0012,200,453.4077
0.6309,0.0000,0.0000,0.0001,0.6289,0.0019,200,454.0161
0.6246,0.0000,0.0000,0.0001,0.6227,0.0018,200,454.6471
0.6390,0.0000,0.0000,0.0000,0.6376,0.0013,200,455.2716
0.6583,0.0000,0.0000,0.0001,0.6566,0.0016,200,455.9106
0.6193,0.0000,0.0000,0.0001,0.6178,0.0014,200,456.5689
0.6273,0.0000,0.0000,0.0001,0.6246,0.0023,200,457.1882
0.6200,0.0000,0.0000,0.0001,0.6190,0.0009,200,457.8155
0.6244,0.0000,0.0000,0.0000,0.6224,0.0020,200,458.4354
0.6425,0.0000,0.0000,0.0002,0.6404,0.0018,200,459.0599
0.6823,0.0000,0.0000,0.0001,0.6804,0.0018,200,459.7023
0.6483,0.0000,0.0000,0.0001,0.6470,0.0012,200,460.3847
0.6060,0.0000,0.0000,0.0000,0.6042,0.0018,200,461.0329
0.6073,0.0000,0.0000,0.0001,0.6057,0.0015,200,461.6390
0.6462,0.0000,0.0000,0.0001,0.6445,0.0015,200,462.2463
0.6174,0.0000,0.0000,0.0003,0.6158,0.0013,200,462.8925
0.6096,0.0000,0.0000,0.0001,0.6076,0.0018,200,463.5099
0.6314,0.0000,0.0000,0.0001,0.6299,0.0013,200,464.1196
0.6011,0.0000,0.0000,0.0001,0.5995,0.0015,200,464.7509
0.6178,0.0000,0.0000,0.0001,0.6163,0.0014,200,465.3521
0.6383,0.0000,0.0000,0.0001,0.6366,0.0015,200,465.9699
0.6852,0.0000,0.0000,0.0001,0.6833,0.0017,200,466.6081
0.6303,0.0000,0.0000,0.0000,0.6287,0.0015,200,467.2933
0.6170,0.0000,0.0000,0.0001,0.6156,0.0011,200,467.9236
0.6177,0.0000,0.0000,0.0000,0.6162,0.0014,200,468.5406
0.6336,0.0000,0.0000,0.0001,0.6307,0.0018,200,469.1583
0.6238,0.0000,0.0000,0.0001,0.6222,0.0015,200,469.7919
0.6374,0.0000,0.0000,0.0001,0.6358,0.0014,200,470.4157
0.6287,0.0000,0.0000,0.0001,0.6269,0.0017,200,471.0531
0.6124,0.0000,0.0000,0.0001,0.6107,0.0016,200,471.6818
0.6538,0.0000,0.0000,0.0001,0.6523,0.0014,200,472.2942
0.6319,0.0000,0.0000,0.0001,0.6301,0.0016,200,472.9480
0.6290,0.0000,0.0000,0.0001,0.6270,0.0019,200,473.5798
0.6253,0.0000,0.0000,0.0001,0.6233,0.0019,200,474.2088
0.6186,0.0000,0.0000,0.0001,0.6168,0.0017,200,474.8341
0.6118,0.0000,0.0000,0.0001,0.6104,0.0012,200,475.4528
0.6237,0.0000,0.0000,0.0000,0.6220,0.0015,200,476.0646
0.6376,0.0000,0.0000,0.0001,0.6356,0.0019,200,476.6882
0.6287,0.0000,0.0000,0.0001,0.6272,0.0014,200,477.3259
0.6308,0.0000,0.0000,0.0001,0.6300,0.0007,200,477.9546
0.6213,0.0000,0.0000,0.0000,0.6201,0.0011,200,478.5854
0.6237,0.0000,0.0000,0.0000,0.6224,0.0011,200,479.2067
0.6127,0.0000,0.0000,0.0001,0.6109,0.0017,200,479.8304
0.6129,0.0000,0.0000,0.0001,0.6110,0.0017,200,480.4431
0.6181,0.0000,0.0000,0.0001,0.6163,0.0017,200,481.0560
0.6054,0.0000,0.0000,0.0001,0.6036,0.0017,200,481.6741
0.6223,0.0000,0.0000,0.0001,0.6203,0.0019,200,482.2796
0.6356,0.0000,0.0000,0.0001,0.6336,0.0018,200,482.9019
0.6076,0.0000,0.0000,0.0001,0.6056,0.0018,200,483.5375
0.6552,0.0000,0.0000,0.0001,0.6539,0.0012,200,484.1451
0.6276,0.0000,0.0000,0.0001,0.6258,0.0017,200,484.8003
0.6339,0.0000,0.0000,0.0001,0.6321,0.0016,200,485.4279
0.6341,0.0000,0.0000,0.0000,0.6324,0.0016,200,486.0618
0.6374,0.0000,0.0000,0.0001,0.6355,0.0018,200,486.6959
0.6260,0.0000,0.0000,0.0001,0.6242,0.0017,200,487.3332
0.6248,0.0000,0.0000,0.0001,0.6231,0.0016,200,487.9593
0.6384,0.0000,0.0000,0.0001,0.6366,0.0016,200,488.5841
0.6088,0.0000,0.0000,0.0001,0.6075,0.0012,200,489.2225
0.6361,0.0000,0.0000,0.0000,0.6349,0.0012,200,489.8312
0.6923,0.0000,0.0000,0.0000,0.6914,0.0008,200,490.4674
0.6057,0.0000,0.0000,0.0000,0.6043,0.0014,200,491.1597
0.6154,0.0000,0.0000,0.0000,0.6143,0.0010,200,491.7654
0.6554,0.0000,0.0000,0.0000,0.6536,0.0017,200,492.3808
0.6690,0.0000,0.0000,0.0001,0.6671,0.0018,200,493.0361
0.6078,0.0000,0.0000,0.0001,0.6059,0.0017,200,493.7052
0.6272,0.0000,0.0000,0.0001,0.6248,0.0022,200,494.3130
0.6773,0.0000,0.0000,0.0002,0.6748,0.0023,200,494.9402
0.6238,0.0000,0.0000,0.0001,0.6226,0.0011,200,495.6175
0.6357,0.0000,0.0000,0.0000,0.6349,0.0007,200,496.2413
0.6246,0.0000,0.0000,0.0000,0.6228,0.0017,200,496.8769
0.6348,0.0000,0.0000,0.0001,0.6331,0.0016,200,497.5015
0.6350,0.0000,0.0000,0.0000,0.6332,0.0017,200,498.1363
0.5944,0.0000,0.0000,0.0001,0.5925,0.0018,200,498.7713
0.6465,0.0000,0.0000,0.0001,0.6448,0.0016,200,499.3658
0.6153,0.0000,0.0000,0.0001,0.6135,0.0016,200,500.0123
0.6174,0.0000,0.0000,0.0001,0.6156,0.0017,200,500.6275
0.6232,0.0000,0.0000,0.0001,0.6214,0.0017,200,501.2450
0.6289,0.0000,0.0000,0.0001,0.6266,0.0022,200,501.8682
0.6707,0.0000,0.0000,0.0001,0.6691,0.0015,200,502.4971
0.6328,0.0000,0.0000,0.0001,0.6310,0.0017,200,503.1678
0.6249,0.0000,0.0000,0.0001,0.6230,0.0018,200,503.8007
0.6192,0.0000,0.0000,0.0001,0.6176,0.0015,200,504.4256
0.6141,0.0000,0.0000,0.0001,0.6124,0.0016,200,505.0449
0.5973,0.0000,0.0000,0.0000,0.5953,0.0019,200,505.6590
0.6198,0.0000,0.0000,0.0001,0.6182,0.0015,200,506.2563
0.6351,0.0000,0.0000,0.0001,0.6334,0.0016,200,506.8761
0.6222,0.0000,0.0000,0.0001,0.6204,0.0016,200,507.5112
0.6182,0.0000,0.0000,0.0000,0.6164,0.0017,200,508.1334
0.6441,0.0000,0.0000,0.0001,0.6423,0.0017,200,508.7516
0.6099,0.0000,0.0000,0.0001,0.6082,0.0017,200,509.3958
0.6039,0.0000,0.0000,0.0001,0.6019,0.0017,200,510.0057
0.6238,0.0000,0.0000,0.0001,0.6224,0.0013,200,510.6096
0.6146,0.0000,0.0000,0.0000,0.6132,0.0014,200,511.2335
0.6067,0.0000,0.0000,0.0001,0.6052,0.0014,200,511.8480
0.6213,0.0000,0.0000,0.0001,0.6188,0.0024,200,512.4548
0.6887,0.0000,0.0000,0.0001,0.6870,0.0016,200,513.0760
0.6055,0.0000,0.0000,0.0001,0.6039,0.0015,200,513.7648
0.6007,0.0000,0.0000,0.0001,0.5990,0.0015,200,514.3703
0.6333,0.0000,0.0000,0.0001,0.6320,0.0012,200,514.9710
0.6247,0.0000,0.0000,0.0001,0.6236,0.0010,200,515.6043
0.6666,0.0000,0.0000,0.0001,0.6648,0.0016,200,516.2290
0.6247,0.0000,0.0000,0.0001,0.6231,0.0014,200,516.8956
0.6292,0.0000,0.0000,0.0001,0.6275,0.0015,200,517.5203
0.6106,0.0000,0.0000,0.0000,0.6091,0.0013,200,518.1495
0.6512,0.0000,0.0000,0.0001,0.6488,0.0022,200,518.7601
0.6452,0.0000,0.0000,0.0001,0.6440,0.0011,200,519.4113
0.6912,0.0000,0.0000,0.0001,0.6896,0.0014,200,520.0565
0.6540,0.0000,0.0000,0.0000,0.6521,0.0017,200,520.7477
0.6221,0.0000,0.0000,0.0001,0.6200,0.0020,200,521.4017
0.6620,0.0000,0.0000,0.0001,0.6604,0.0015,200,522.0237
0.6153,0.0000,0.0000,0.0001,0.6137,0.0015,200,522.6857
0.6217,0.0000,0.0000,0.0001,0.6203,0.0012,200,523.3010
0.6839,0.0000,0.0000,0.0001,0.6820,0.0018,200,523.9227
0.6255,0.0000,0.0000,0.0001,0.6234,0.0020,200,524.6066
0.6076,0.0000,0.0000,0.0001,0.6057,0.0017,200,525.2321
0.6387,0.0000,0.0000,0.0001,0.6371,0.0014,200,525.8397
0.6224,0.0000,0.0000,0.0001,0.6206,0.0017,200,526.4784
0.6284,0.0000,0.0000,0.0000,0.6274,0.0009,200,527.1008
0.6489,0.0000,0.0000,0.0000,0.6469,0.0019,200,527.7293
0.6694,0.0000,0.0000,0.0001,0.6677,0.0017,200,528.3782
0.6168,0.0000,0.0000,0.0001,0.6148,0.0019,200,529.0476
0.6418,0.0000,0.0000,0.0001,0.6400,0.0016,200,529.6644
0.5976,0.0000,0.0000,0.0001,0.5955,0.0020,200,530.3062
0.6294,0.0000,0.0000,0.0001,0.6275,0.0017,200,530.9038
0.6120,0.0000,0.0000,0.0001,0.6101,0.0017,200,531.5332
0.6046,0.0000,0.0000,0.0001,0.6025,0.0020,200,532.1452
0.6394,0.0000,0.0000,0.0001,0.6379,0.0014,200,532.7498
0.6172,0.0000,0.0000,0.0001,0.6158,0.0013,200,533.3892
0.6498,0.0000,0.0000,0.0001,0.6482,0.0014,200,534.0063
0.6516,0.0000,0.0000,0.0001,0.6498,0.0017,200,534.6561
0.6269,0.0000,0.0000,0.0001,0.6257,0.0011,200,535.3077
0.6136,0.0000,0.0000,0.0001,0.6125,0.0009,200,535.9346
0.6318,0.0000,0.0000,0.0001,0.6304,0.0013,200,536.5482
0.6485,0.0000,0.0000,0.0001,0.6467,0.0017,200,537.1800
0.6156,0.0000,0.0000,0.0001,0.6138,0.0016,200,537.8285
0.6184,0.0000,0.0000,0.0001,0.6167,0.0016,200,538.4442
0.6177,0.0000,0.0000,0.0001,0.6161,0.0015,200,539.0626
0.6155,0.0000,0.0000,0.0001,0.6141,0.0013,200,539.6803
0.6347,0.0000,0.0000,0.0001,0.6329,0.0017,200,540.2959
0.6274,0.0000,0.0000,0.0001,0.6257,0.0015,200,540.9306
0.6258,0.0000,0.0000,0.0001,0.6233,0.0024,200,541.5580
0.6121,0.0000,0.0000,0.0001,0.6107,0.0013,200,542.1838
0.6297,0.0000,0.0000,0.0001,0.6277,0.0018,200,542.7959
0.6252,0.0000,0.0000,0.0001,0.6237,0.0014,200,543.4256
0.6312,0.0000,0.0000,0.0001,0.6295,0.0016,200,544.0508
0.6219,0.0000,0.0000,0.0001,0.6197,0.0020,200,544.6820
0.6489,0.0000,0.0000,0.0001,0.6468,0.0020,200,545.3039
0.6533,0.0000,0.0000,0.0001,0.6512,0.0019,200,545.9528
0.6260,0.0000,0.0000,0.0001,0.6246,0.0012,200,546.6061
0.6296,0.0000,0.0000,0.0001,0.6278,0.0017,200,547.2321
0.6523,0.0000,0.0000,0.0001,0.6504,0.0018,200,547.8617
0.6119,0.0000,0.0000,0.0001,0.6103,0.0014,200,548.5140
0.6311,0.0000,0.0000,0.0001,0.6293,0.0017,200,549.1259
0.6305,0.0000,0.0000,0.0001,0.6289,0.0015,200,549.7570
0.6271,0.0000,0.0000,0.0000,0.6252,0.0019,200,550.3875
0.6240,0.0000,0.0000,0.0001,0.6237,0.0002,200,551.0147
0.6642,0.0000,0.0000,0.0001,0.6626,0.0015,200,551.6387
0.6329,0.0000,0.0000,0.0001,0.6305,0.0023,200,552.3029
0.6615,0.0000,0.0000,0.0001,0.6594,0.0020,200,552.9358
0.6235,0.0000,0.0000,0.0001,0.6216,0.0018,200,553.5973
0.6221,0.0000,0.0000,0.0001,0.6197,0.0023,200,554.2209
0.6507,0.0000,0.0000,0.0001,0.6489,0.0017,200,554.8430
0.6125,0.0000,0.0000,0.0001,0.6109,0.0014,200,555.4937
0.6118,0.0000,0.0000,0.0000,0.6101,0.0016,200,556.1062
0.6271,0.0000,0.0000,0.0002,0.6252,0.0017,200,556.7180
0.6240,0.0000,0.0000,0.0001,0.6222,0.0017,200,557.3451
0.6520,0.0000,0.0000,0.0001,0.6501,0.0017,200,557.9691
0.6210,0.0000,0.0000,0.0001,0.6186,0.0022,200,558.6211
0.6325,0.0000,0.0000,0.0001,0.6310,0.0014,200,559.2420
0.6245,0.0000,0.0000,0.0000,0.6235,0.0009,200,559.8745
0.6354,0.0000,0.0000,0.0000,0.6340,0.0014,200,560.4990
0.6125,0.0000,0.0000,0.0001,0.6112,0.0013,200,561.1344
0.6374,0.0000,0.0000,0.0001,0.6350,0.0022,200,561.7469
0.6660,0.0000,0.0000,0.0001,0.6643,0.0015,200,562.3843
0.6175,0.0000,0.0000,0.0001,0.6161,0.0013,200,563.0503
0.6241,0.0000,0.0000,0.0001,0.6227,0.0012,200,563.6679
0.6228,0.0000,0.0000,0.0001,0.6207,0.0020,200,564.2919
0.6319,0.0000,0.0000,0.0001,0.6300,0.0018,200,564.9148
0.6349,0.0000,0.0000,0.0000,0.6322,0.0026,200,565.5467
0.6320,0.0000,0.0000,0.0001,0.6303,0.0016,200,566.1817
0.6289,0.0000,0.0000,0.0001,0.6267,0.0021,200,566.8137
0.6129,0.0000,0.0000,0.0001,0.6112,0.0016,200,567.4426
0.6136,0.0000,0.0000,0.0001,0.6104,0.0031,200,568.0555
0.6427,0.0000,0.0000,0.0001,0.6406,0.0020,200,568.6691
0.6280,0.0000,0.0000,0.0001,0.6267,0.0012,200,569.3118
0.6362,0.0000,0.0000,0.0000,0.6350,0.0012,200,569.9398
0.6380,0.0000,0.0000,0.0001,0.6366,0.0012,200,570.5760
0.6380,0.0000,0.0000,0.0000,0.6367,0.0012,200,571.2140
0.6212,0.0000,0.0000,0.0000,0.6195,0.0016,200,571.8520
0.6243,0.0000,0.0000,0.0001,0.6220,0.0021,200,572.4731
0.6157,0.0000,0.0000,0.0001,0.6144,0.0012,200,573.0974
0.6234,0.0000,0.0000,0.0001,0.6217,0.0016,200,573.7131
0.6249,0.0000,0.0000,0.0001,0.6227,0.0021,200,574.3365
0.6540,0.0000,0.0000,0.0001,0.6522,0.0016,200,574.9613
0.6386,0.0000,0.0000,0.0001,0.6366,0.0018,200,575.6153
0.6266,0.0000,0.0000,0.0001,0.6246,0.0019,200,576.2539
0.6275,0.0000,0.0000,0.0001,0.6257,0.0016,200,576.8805
0.6498,0.0000,0.0000,0.0001,0.6480,0.0017,200,577.5080
0.6338,0.0000,0.0000,0.0000,0.6326,0.0011,200,578.1578
0.6709,0.0000,0.0000,0.0000,0.6691,0.0017,200,578.7916
0.6371,0.0000,0.0000,0.0001,0.6355,0.0015,200,579.4625
0.6142,0.0000,0.0000,0.0001,0.6127,0.0014,200,580.0996
0.6193,0.0000,0.0000,0.0001,0.6182,0.0010,200,580.7138
0.6116,0.0000,0.0000,0.0000,0.6108,0.0008,200,581.3330
0.6361,0.0000,0.0000,0.0000,0.6346,0.0015,200,581.9447
0.6662,0.0000,0.0000,0.0001,0.6640,0.0020,200,582.5808
0.6243,0.0000,0.0000,0.0001,0.6240,0.0002,200,583.2470
0.6170,0.0000,0.0000,0.0002,0.6151,0.0016,200,583.8713
0.6351,0.0000,0.0000,0.0001,0.6333,0.0017,200,584.4883
0.7587,0.0000,0.0000,0.0001,0.7567,0.0019,200,585.1234
0.6216,0.0000,0.0000,0.0001,0.6198,0.0017,200,585.8821
0.6084,0.0000,0.0000,0.0001,0.6066,0.0017,200,586.5037
0.6286,0.0000,0.0000,0.0001,0.6266,0.0019,200,587.1121
0.6183,0.0000,0.0000,0.0001,0.6150,0.0031,200,587.7408
0.6199,0.0000,0.0000,0.0001,0.6177,0.0019,200,588.3590
0.6744,0.0000,0.0000,0.0001,0.6723,0.0020,200,588.9789
0.6423,0.0000,0.0000,0.0001,0.6398,0.0017,200,589.6533
0.6306,0.0000,0.0000,0.0001,0.6293,0.0012,200,590.2956
0.6277,0.0000,0.0000,0.0001,0.6269,0.0006,200,590.9262
0.6042,0.0000,0.0000,0.0000,0.6033,0.0009,200,591.5539
0.6339,0.0000,0.0000,0.0001,0.6319,0.0019,200,592.1581
0.6594,0.0000,0.0000,0.0001,0.6560,0.0032,200,592.7920
0.6482,0.0000,0.0000,0.0001,0.6465,0.0016,200,593.4513
0.5977,0.0000,0.0000,0.0001,0.5955,0.0021,200,594.0996
0.6225,0.0000,0.0000,0.0001,0.6207,0.0016,200,594.6973
0.6462,0.0000,0.0000,0.0001,0.6445,0.0016,200,595.3198
0.6229,0.0000,0.0000,0.0001,0.6210,0.0018,200,595.9660
0.6827,0.0000,0.0000,0.0001,0.6808,0.0017,200,596.5890
0.6577,0.0000,0.0000,0.0001,0.6556,0.0020,200,597.2716
0.6133,0.0000,0.0000,0.0001,0.6120,0.0011,200,597.9293
0.6239,0.0000,0.0000,0.0001,0.6222,0.0017,200,598.5427
0.6014,0.0000,0.0000,0.0001,0.6000,0.0013,200,599.1666
0.6329,0.0000,0.0000,0.0001,0.6311,0.0017,200,599.7680
0.6192,0.0000,0.0000,0.0001,0.6172,0.0019,200,600.4009
0.6436,0.0000,0.0000,0.0001,0.6418,0.0018,200,601.0201
0.6285,0.0000,0.0000,0.0001,0.6272,0.0011,200,601.6638
0.6364,0.0000,0.0000,0.0001,0.6342,0.0020,200,602.2922
0.6457,0.0000,0.0000,0.0001,0.6440,0.0016,200,602.9286
0.6221,0.0000,0.0000,0.0001,0.6205,0.0015,200,603.5744
0.6075,0.0000,0.0000,0.0001,0.6061,0.0013,200,604.1965
0.6399,0.0000,0.0000,0.0001,0.6379,0.0018,200,604.8040
0.6307,0.0000,0.0000,0.0001,0.6294,0.0012,200,605.4439
0.6122,0.0000,0.0000,0.0001,0.6107,0.0013,200,606.0746
0.6289,0.0000,0.0000,0.0001,0.6274,0.0014,200,606.6868
0.6282,0.0000,0.0000,0.0001,0.6259,0.0022,200,607.3157
0.6449,0.0000,0.0000,0.0001,0.6431,0.0017,200,607.9440
0.6313,0.0000,0.0000,0.0001,0.6294,0.0017,200,608.5889
0.6380,0.0000,0.0000,0.0001,0.6368,0.0011,200,609.2202
0.6437,0.0000,0.0000,0.0001,0.6417,0.0019,200,609.8582
0.6463,0.0000,0.0000,0.0001,0.6444,0.0018,200,610.5019
0.6548,0.0000,0.0000,0.0001,0.6532,0.0015,200,611.1483
0.6350,0.0000,0.0000,0.0001,0.6328,0.0020,200,611.8031
0.6086,0.0000,0.0000,0.0001,0.6068,0.0016,200,612.4380
0.6300,0.0000,0.0000,0.0001,0.6273,0.0025,200,613.0466
0.6373,0.0000,0.0000,0.0001,0.6352,0.0019,200,613.6766
0.6355,0.0000,0.0000,0.0001,0.6335,0.0019,200,614.3139
0.6284,0.0000,0.0000,0.0001,0.6261,0.0022,200,614.9494
0.6577,0.0000,0.0000,0.0001,0.6558,0.0017,200,615.5778
0.6274,0.0000,0.0000,0.0001,0.6260,0.0012,200,616.2355
0.6229,0.0000,0.0000,0.0000,0.6207,0.0021,200,616.8628
0.6746,0.0000,0.0000,0.0001,0.6727,0.0018,200,617.4857
0.6066,0.0000,0.0000,0.0001,0.6050,0.0016,200,618.1603
0.6294,0.0000,0.0000,0.0001,0.6273,0.0019,200,618.7670
0.6292,0.0000,0.0000,0.0001,0.6271,0.0020,200,619.3964
0.6545,0.0000,0.0000,0.0001,0.6530,0.0013,200,620.0256
0.6197,0.0000,0.0000,0.0001,0.6180,0.0015,200,620.6800
0.6215,0.0000,0.0000,0.0001,0.6196,0.0018,200,621.2997
0.6351,0.0000,0.0000,0.0001,0.6334,0.0015,200,621.9212
0.6141,0.0000,0.0000,0.0001,0.6124,0.0017,200,622.5562
0.6034,0.0000,0.0000,0.0001,0.6016,0.0018,200,623.1704
0.6539,0.0000,0.0000,0.0001,0.6522,0.0015,200,623.7738
0.6177,0.0000,0.0000,0.0001,0.6158,0.0018,200,624.4277
0.6570,0.0000,0.0000,0.0001,0.6552,0.0016,200,625.0454
0.6080,0.0000,0.0000,0.0001,0.6051,0.0028,200,625.7024
0.6730,0.0000,0.0000,0.0001,0.6717,0.0012,200,626.3104
0.6267,0.0000,0.0000,0.0001,0.6249,0.0016,200,626.9835
0.6364,0.0000,0.0000,0.0001,0.6352,0.0012,200,627.6101
0.6491,0.0000,0.0000,0.0001,0.6475,0.0015,200,628.2465
0.6239,0.0000,0.0000,0.0001,0.6221,0.0017,200,628.8957
0.6474,0.0000,0.0000,0.0001,0.6463,0.0010,200,629.5196
0.6349,0.0000,0.0000,0.0000,0.6327,0.0021,200,630.1670
0.6291,0.0000,0.0000,0.0001,0.6272,0.0018,200,630.8019
0.6531,0.0000,0.0000,0.0001,0.6515,0.0015,200,631.4310
0.6185,0.0000,0.0000,0.0001,0.6167,0.0017,200,632.0841
0.6231,0.0000,0.0000,0.0001,0.6208,0.0022,200,632.7026
0.6531,0.0000,0.0000,0.0001,0.6514,0.0016,200,633.3257
0.6110,0.0000,0.0000,0.0001,0.6088,0.0021,200,633.9788
0.6168,0.0000,0.0000,0.0001,0.6156,0.0011,200,634.5898
0.6290,0.0000,0.0000,0.0001,0.6271,0.0018,200,635.2066
0.6487,0.0000,0.0000,0.0001,0.6472,0.0013,200,635.8356
0.7011,0.0000,0.0000,0.0001,0.6990,0.0018,200,636.4843
0.6245,0.0000,0.0000,0.0001,0.6232,0.0012,200,637.1854
0.6129,0.0000,0.0000,0.0001,0.6114,0.0013,200,637.8100
0.6173,0.0000,0.0000,0.0000,0.6159,0.0013,200,638.4228
0.6386,0.0000,0.0000,0.0001,0.6375,0.0010,200,639.0401
0.6252,0.0000,0.0000,0.0001,0.6237,0.0014,200,639.6787
0.6118,0.0000,0.0000,0.0001,0.6105,0.0012,200,640.3039
0.6421,0.0000,0.0000,0.0001,0.6404,0.0016,200,640.9157
0.6109,0.0000,0.0000,0.0001,0.6092,0.0016,200,641.5579
0.6077,0.0000,0.0000,0.0000,0.6064,0.0012,200,642.1687
0.6338,0.0000,0.0000,0.0000,0.6319,0.0019,200,642.7764
0.6466,0.0000,0.0000,0.0001,0.6461,0.0004,200,643.4102
0.6291,0.0000,0.0000,0.0001,0.6270,0.0020,200,644.0568
0.6404,0.0000,0.0000,0.0000,0.6388,0.0014,200,644.6860
0.6256,0.0000,0.0000,0.0001,0.6239,0.0015,200,645.3264
0.6224,0.0000,0.0000,0.0001,0.6212,0.0010,200,645.9520
0.6371,0.0000,0.0000,0.0000,0.6356,0.0014,200,646.5744
0.6237,0.0000,0.0000,0.0001,0.6199,0.0037,200,647.2115
0.6265,0.0000,0.0000,0.0001,0.6245,0.0018,200,647.8352
0.6456,0.0000,0.0000,0.0001,0.6439,0.0016,200,648.4617
0.6718,0.0000,0.0000,0.0000,0.6699,0.0018,200,649.1073
0.6319,0.0000,0.0000,0.0002,0.6304,0.0012,200,649.7791
0.6316,0.0000,0.0000,0.0001,0.6302,0.0013,200,650.4110
0.6174,0.0000,0.0000,0.0001,0.6156,0.0017,200,651.0426
0.6307,0.0000,0.0000,0.0001,0.6296,0.0010,200,651.6600
0.6172,0.0000,0.0000,0.0001,0.6161,0.0009,200,652.2907
0.6189,0.0000,0.0000,0.0001,0.6172,0.0015,200,652.9079
0.6224,0.0000,0.0000,0.0001,0.6189,0.0034,200,653.5268
0.6189,0.0000,0.0000,0.0001,0.6173,0.0016,200,654.1492
0.6106,0.0000,0.0000,0.0001,0.6088,0.0017,200,654.7681
0.6295,0.0000,0.0000,0.0001,0.6277,0.0016,200,655.3788
0.6814,0.0000,0.0000,0.0002,0.6796,0.0016,200,656.0083
0.6208,0.0000,0.0000,0.0001,0.6188,0.0018,200,656.6897
0.6375,0.0000,0.0000,0.0001,0.6358,0.0016,200,657.3105
0.6428,0.0000,0.0000,0.0001,0.6413,0.0014,200,657.9480
0.6332,0.0000,0.0000,0.0001,0.6314,0.0017,200,658.5909
0.6348,0.0000,0.0000,0.0001,0.6329,0.0018,200,659.2241
0.6329,0.0000,0.0000,0.0001,0.6318,0.0009,200,659.8589
0.6404,0.0000,0.0000,0.0000,0.6388,0.0016,200,660.4918
0.6597,0.0000,0.0000,0.0001,0.6585,0.0011,200,661.1322
0.6214,0.0000,0.0000,0.0000,0.6192,0.0021,200,661.7919
0.6719,0.0000,0.0000,0.0001,0.6701,0.0016,200,662.4133
0.6200,0.0000,0.0000,0.0001,0.6190,0.0008,200,663.0852
0.6060,0.0000,0.0000,0.0000,0.6046,0.0014,200,663.7052
0.6541,0.0000,0.0000,0.0001,0.6514,0.0026,200,664.3112
0.6885,0.0000,0.0000,0.0001,0.6865,0.0019,200,664.9653
0.6187,0.0000,0.0000,0.0001,0.6168,0.0018,200,665.6539
0.6182,0.0000,0.0000,0.0001,0.6164,0.0016,200,666.2726
0.6382,0.0000,0.0000,0.0001,0.6363,0.0018,200,666.8908
0.6164,0.0000,0.0000,0.0001,0.6141,0.0021,200,667.5290
0.6288,0.0000,0.0000,0.0001,0.6269,0.0017,200,668.1454
0.6280,0.0000,0.0000,0.0000,0.6262,0.0016,200,668.7742
0.6520,0.0000,0.0000,0.0001,0.6504,0.0015,200,669.4022
0.6506,0.0000,0.0000,0.0001,0.6495,0.0010,200,670.0541
0.6362,0.0000,0.0000,0.0001,0.6338,0.0022,200,670.7048
0.6343,0.0000,0.0000,0.0001,0.6324,0.0017,200,671.3409
0.6225,0.0000,0.0000,0.0001,0.6206,0.0017,200,671.9752
0.6248,0.0000,0.0000,0.0002,0.6234,0.0012,200,672.5977
0.6422,0.0000,0.0000,0.0001,0.6403,0.0018,200,673.2225
0.6253,0.0000,0.0000,0.0001,0.6236,0.0016,200,673.8647
0.6530,0.0000,0.0000,0.0001,0.6474,0.0054,200,674.4900
0.6403,0.0000,0.0000,0.0001,0.6385,0.0016,200,675.1430
0.6416,0.0000,0.0000,0.0001,0.6400,0.0015,200,675.7833
0.6107,0.0000,0.0000,0.0001,0.6090,0.0015,200,676.4250
0.6283,0.0000,0.0000,0.0001,0.6265,0.0016,200,677.0356
0.6337,0.0000,0.0000,0.0001,0.6319,0.0017,200,677.6639
0.6419,0.0000,0.0000,0.0001,0.6397,0.0020,200,678.2976
0.6311,0.0000,0.0000,0.0001,0.6294,0.0016,200,678.9396
0.6106,0.0000,0.0000,0.0001,0.6086,0.0019,200,679.5706
0.6443,0.0000,0.0000,0.0001,0.6428,0.0013,200,680.1813
0.6059,0.0000,0.0000,0.0001,0.6043,0.0015,200,680.8255
0.6334,0.0000,0.0000,0.0001,0.6314,0.0019,200,681.4315
1.2482,0.0000,0.0000,0.0001,1.2463,0.0018,200,682.0649
0.6579,0.0000,0.0000,0.0001,0.6563,0.0015,200,683.3131
0.6441,0.0000,0.0000,0.0001,0.6423,0.0018,200,683.9710
0.6505,0.0000,0.0000,0.0000,0.6484,0.0021,200,684.6151
0.6419,0.0000,0.0000,0.0001,0.6404,0.0014,200,685.2656
0.6583,0.0000,0.0000,0.0001,0.6562,0.0019,200,685.9075
0.6264,0.0000,0.0000,0.0001,0.6241,0.0021,200,686.5658
0.6633,0.0000,0.0000,0.0002,0.6617,0.0013,200,687.1921
0.6079,0.0000,0.0000,0.0001,0.6063,0.0015,200,687.8554
0.6341,0.0000,0.0000,0.0000,0.6321,0.0019,200,688.4633
0.6354,0.0000,0.0000,0.0001,0.6343,0.0010,200,689.0974
0.6225,0.0000,0.0000,0.0000,0.6209,0.0015,200,689.7328
0.6317,0.0000,0.0000,0.0001,0.6301,0.0014,200,690.3553
0.6119,0.0000,0.0000,0.0001,0.6101,0.0018,200,690.9870
0.6289,0.0000,0.0000,0.0001,0.6275,0.0012,200,691.5989
0.6242,0.0000,0.0000,0.0001,0.6223,0.0017,200,692.2278
0.6307,0.0000,0.0000,0.0001,0.6294,0.0011,200,692.8520
0.6325,0.0000,0.0000,0.0001,0.6310,0.0015,200,693.4827
0.6354,0.0000,0.0000,0.0001,0.6339,0.0014,200,694.1152
0.6319,0.0000,0.0000,0.0001,0.6301,0.0017,200,694.7506
0.6521,0.0000,0.0000,0.0001,0.6504,0.0016,200,695.3825
0.6761,0.0000,0.0000,0.0001,0.6697,0.0062,200,696.0346
0.6234,0.0000,0.0000,0.0001,0.6217,0.0016,200,696.7107
0.6210,0.0000,0.0000,0.0001,0.6196,0.0012,200,697.3341
0.6492,0.0000,0.0000,0.0000,0.6477,0.0014,200,697.9551
0.6385,0.0000,0.0000,0.0001,0.6366,0.0017,200,698.6043
0.6263,0.0000,0.0000,0.0001,0.6245,0.0017,200,699.2428
0.6439,0.0000,0.0000,0.0001,0.6418,0.0020,200,699.8692
0.6510,0.0000,0.0000,0.0001,0.6496,0.0013,200,700.5131
0.6159,0.0000,0.0000,0.0001,0.6145,0.0013,200,701.1641
0.6944,0.0000,0.0000,0.0001,0.6932,0.0011,200,701.7800
0.6075,0.0000,0.0000,0.0001,0.6057,0.0016,200,702.4745
0.6008,0.0000,0.0000,0.0001,0.5989,0.0017,200,703.0820
0.6202,0.0000,0.0000,0.0001,0.6187,0.0014,200,703.6828
0.6331,0.0000,0.0000,0.0001,0.6309,0.0019,200,704.3029
0.6455,0.0000,0.0000,0.0001,0.6434,0.0018,200,704.9360
0.6243,0.0000,0.0000,0.0001,0.6224,0.0018,200,705.5816
0.6101,0.0000,0.0000,0.0001,0.6087,0.0012,200,706.2059
0.6803,0.0000,0.0000,0.0001,0.6786,0.0017,200,706.8159
0.6250,0.0000,0.0000,0.0001,0.6228,0.0020,200,707.4963
0.6526,0.0000,0.0000,0.0001,0.6510,0.0014,200,708.1212
0.6340,0.0000,0.0000,0.0001,0.6323,0.0016,200,708.7738
0.6191,0.0000,0.0000,0.0001,0.6177,0.0013,200,709.4078
0.6316,0.0000,0.0000,0.0005,0.6296,0.0014,200,710.0270
1.0496,0.0000,0.0000,0.0001,1.0481,0.0013,200,710.6586
0.6145,0.0000,0.0000,0.0001,0.6129,0.0013,200,711.7082
0.6466,0.0000,0.0000,0.0000,0.6452,0.0012,200,712.3227
0.6310,0.0000,0.0000,0.0001,0.6290,0.0019,200,712.9693
0.6191,0.0000,0.0000,0.0001,0.6175,0.0015,200,713.6003
0.6234,0.0000,0.0000,0.0001,0.6224,0.0008,200,714.2194
0.6410,0.0000,0.0000,0.0000,0.6393,0.0016,200,714.8427
0.6136,0.0000,0.0000,0.0001,0.6118,0.0017,200,715.4837
0.6102,0.0000,0.0000,0.0001,0.6087,0.0013,200,716.0973
0.6165,0.0000,0.0000,0.0001,0.6148,0.0017,200,716.7075
0.6396,0.0000,0.0000,0.0000,0.6378,0.0017,200,717.3240
0.6200,0.0000,0.0000,0.0001,0.6183,0.0017,200,717.9637
0.6554,0.0000,0.0000,0.0001,0.6535,0.0018,200,718.5837
0.6180,0.0000,0.0000,0.0001,0.6159,0.0020,200,719.2391
0.6153,0.0000,0.0000,0.0001,0.6141,0.0011,200,719.8571
0.6595,0.0000,0.0000,0.0000,0.6578,0.0017,200,720.4724
0.6629,0.0000,0.0000,0.0001,0.6600,0.0027,200,721.1319
0.6100,0.0000,0.0000,0.0001,0.6083,0.0016,200,721.7948
0.6272,0.0000,0.0000,0.0001,0.6257,0.0013,200,722.4049
0.6506,0.0000,0.0000,0.0001,0.6487,0.0017,200,723.0320
0.6440,0.0000,0.0000,0.0001,0.6424,0.0015,200,723.6826
0.6274,0.0000,0.0000,0.0001,0.6255,0.0018,200,724.3266
0.6277,0.0000,0.0000,0.0001,0.6262,0.0013,200,724.9540
0.6173,0.0000,0.0000,0.0001,0.6159,0.0013,200,725.5817
0.6175,0.0000,0.0000,0.0001,0.6161,0.0013,200,726.1990
0.6428,0.0000,0.0000,0.0001,0.6411,0.0014,200,726.8166
0.6199,0.0000,0.0000,0.0001,0.6182,0.0016,200,727.4593
0.6162,0.0000,0.0000,0.0000,0.6144,0.0016,200,728.0792
0.6901,0.0000,0.0000,0.0001,0.6881,0.0019,200,728.6954
0.6310,0.0000,0.0000,0.0001,0.6290,0.0018,200,729.3855
0.6104,0.0000,0.0000,0.0001,0.6081,0.0022,200,730.0165
0.6273,0.0000,0.0000,0.0001,0.6253,0.0019,200,730.6269
0.6204,0.0000,0.0000,0.0001,0.6187,0.0016,200,731.2542
0.6052,0.0000,0.0000,0.0001,0.6040,0.0011,200,731.8746
0.6473,0.0000,0.0000,0.0001,0.6450,0.0022,200,732.4798
0.6444,0.0000,0.0000,0.0001,0.6425,0.0018,200,733.1271
0.6537,0.0000,0.0000,0.0000,0.6520,0.0017,200,733.7716
0.6310,0.0000,0.0000,0.0001,0.6292,0.0016,200,734.4253
0.6560,0.0000,0.0000,0.0001,0.6542,0.0016,200,735.0563
0.6354,0.0000,0.0000,0.0001,0.6338,0.0015,200,735.7123
0.6869,0.0000,0.0000,0.0001,0.6858,0.0010,200,736.3478
0.6346,0.0000,0.0000,0.0000,0.6325,0.0020,200,737.0347
0.6290,0.0000,0.0000,0.0001,0.6273,0.0015,200,737.6693
0.6225,0.0000,0.0000,0.0001,0.6211,0.0013,200,738.2983
0.6769,0.0000,0.0000,0.0001,0.6749,0.0018,200,738.9208
0.6194,0.0000,0.0000,0.0001,0.6184,0.0008,200,739.5977
0.6342,0.0000,0.0000,0.0000,0.6327,0.0014,200,740.2171
0.6425,0.0000,0.0000,0.0001,0.6406,0.0018,200,740.8513
0.6203,0.0000,0.0000,0.0001,0.6192,0.0010,200,741.4938
0.6515,0.0000,0.0000,0.0000,0.6497,0.0017,200,742.1141
0.6090,0.0000,0.0000,0.0001,0.6075,0.0014,200,742.7656
0.6536,0.0000,0.0000,0.0001,0.6514,0.0021,200,743.3746
0.6325,0.0000,0.0000,0.0001,0.6312,0.0012,200,744.0282
0.6150,0.0000,0.0000,0.0001,0.6134,0.0015,200,744.6606
0.6484,0.0000,0.0000,0.0001,0.6464,0.0019,200,745.2756
0.6667,0.0000,0.0000,0.0001,0.6648,0.0017,200,745.9241
0.6357,0.0000,0.0000,0.0001,0.6340,0.0016,200,746.5908
0.6431,0.0000,0.0000,0.0001,0.6410,0.0020,200,747.2265
0.6494,0.0000,0.0000,0.0001,0.6482,0.0011,200,747.8696
0.6211,0.0000,0.0000,0.0001,0.6197,0.0013,200,748.5190
0.6904,0.0000,0.0000,0.0001,0.6886,0.0017,200,749.1402
0.6319,0.0000,0.0000,0.0001,0.6290,0.0028,200,749.8306
0.6206,0.0000,0.0000,0.0000,0.6191,0.0014,200,750.4625
0.6628,0.0000,0.0000,0.0001,0.6616,0.0011,200,751.0831
0.6225,0.0000,0.0000,0.0000,0.6209,0.0015,200,751.7459
0.6159,0.0000,0.0000,0.0002,0.6138,0.0018,200,752.3684
0.6175,0.0000,0.0000,0.0001,0.6157,0.0017,200,752.9843
0.6380,0.0000,0.0000,0.0001,0.6351,0.0027,200,753.6018
0.6280,0.0000,0.0000,0.0001,0.6256,0.0021,200,754.2398
0.6143,0.0000,0.0000,0.0001,0.6136,0.0006,200,754.8678
0.6476,0.0000,0.0000,0.0000,0.6456,0.0018,200,755.4821
0.6726,0.0000,0.0000,0.0000,0.6705,0.0020,200,756.1297
0.6140,0.0000,0.0000,0.0001,0.6126,0.0013,200,756.8023
0.6190,0.0000,0.0000,0.0001,0.6172,0.0016,200,757.4163
0.6422,0.0000,0.0000,0.0001,0.6403,0.0016,200,758.0353
0.6454,0.0000,0.0000,0.0002,0.6436,0.0015,200,758.6775
0.6370,0.0000,0.0000,0.0001,0.6352,0.0017,200,759.3228
0.6556,0.0000,0.0000,0.0001,0.6535,0.0020,200,759.9598
0.8057,0.0000,0.0000,0.0001,0.8038,0.0017,200,760.6154
0.6102,0.0000,0.0000,0.0001,0.6087,0.0013,200,761.4211
0.6663,0.0000,0.0000,0.0001,0.6658,0.0004,200,762.0313
0.6642,0.0000,0.0000,0.0001,0.6623,0.0018,200,762.6976
0.6388,0.0000,0.0000,0.0001,0.6372,0.0015,200,763.3618
0.6147,0.0000,0.0000,0.0001,0.6130,0.0015,200,764.0007
0.6218,0.0000,0.0000,0.0001,0.6199,0.0018,200,764.6154
0.6383,0.0000,0.0000,0.0001,0.6367,0.0015,200,765.2372
0.6369,0.0000,0.0000,0.0001,0.6350,0.0018,200,765.8755
0.6154,0.0000,0.0000,0.0001,0.6140,0.0013,200,766.5124
0.6139,0.0000,0.0000,0.0001,0.6128,0.0010,200,767.1279
0.6213,0.0000,0.0000,0.0000,0.6197,0.0015,200,767.7418
0.5971,0.0000,0.0000,0.0001,0.5956,0.0014,200,768.3631
0.6347,0.0000,0.0000,0.0001,0.6323,0.0022,200,768.9602
0.6870,0.0000,0.0000,0.0001,0.6858,0.0010,200,769.5949
0.7067,0.0000,0.0000,0.0001,0.7050,0.0016,200,770.2818
0.6293,0.0000,0.0000,0.0001,0.6276,0.0015,200,770.9885
0.6330,0.0000,0.0000,0.0000,0.6317,0.0012,200,771.6178
0.6104,0.0000,0.0000,0.0001,0.6085,0.0017,200,772.2509
0.6090,0.0000,0.0000,0.0001,0.6082,0.0007,200,772.8613
0.6176,0.0000,0.0000,0.0001,0.6157,0.0017,200,773.4703
0.6298,0.0000,0.0000,0.0001,0.6283,0.0014,200,774.0879
0.6284,0.0000,0.0000,0.0001,0.6267,0.0016,200,774.7177
0.6246,0.0000,0.0000,0.0001,0.6226,0.0019,200,775.3461
0.6077,0.0000,0.0000,0.0001,0.6060,0.0016,200,775.9707
0.6368,0.0000,0.0000,0.0001,0.6356,0.0010,200,776.5784
0.6347,0.0000,0.0000,0.0000,0.6335,0.0012,200,777.2152
0.6430,0.0000,0.0000,0.0000,0.6413,0.0016,200,777.8499
0.6188,0.0000,0.0000,0.0001,0.6167,0.0018,200,778.4930
0.6428,0.0000,0.0000,0.0001,0.6420,0.0007,200,779.1117
0.6094,0.0000,0.0000,0.0001,0.6076,0.0017,200,779.7546
0.6600,0.0000,0.0000,0.0001,0.6586,0.0013,200,780.3640
0.6494,0.0000,0.0000,0.0001,0.6474,0.0018,200,781.0240
0.6143,0.0000,0.0000,0.0001,0.6125,0.0017,200,781.6734
0.6352,0.0000,0.0000,0.0001,0.6338,0.0013,200,782.2877
0.6572,0.0000,0.0000,0.0001,0.6556,0.0015,200,782.9229
0.6182,0.0000,0.0000,0.0001,0.6167,0.0014,200,783.5801
0.6287,0.0000,0.0000,0.0001,0.6270,0.0016,200,784.1983
0.6452,0.0000,0.0000,0.0001,0.6432,0.0018,200,784.8270
0.6267,0.0000,0.0000,0.0001,0.6251,0.0015,200,785.4722
0.6155,0.0000,0.0000,0.0001,0.6138,0.0016,200,786.0989
0.6285,0.0000,0.0000,0.0001,0.6268,0.0016,200,786.7144
0.6295,0.0000,0.0000,0.0001,0.6278,0.0015,200,787.3429
0.6220,0.0000,0.0000,0.0001,0.6202,0.0016,200,787.9724
0.6284,0.0000,0.0000,0.0001,0.6272,0.0010,200,788.5944
0.6073,0.0000,0.0000,0.0001,0.6057,0.0015,200,789.2228
0.6224,0.0000,0.0000,0.0001,0.6210,0.0013,200,789.8301
0.6372,0.0000,0.0000,0.0001,0.6349,0.0020,200,790.4525
0.6257,0.0000,0.0000,0.0001,0.6238,0.0018,200,791.0897
0.6109,0.0000,0.0000,0.0001,0.6089,0.0019,200,791.7154
0.6113,0.0000,0.0000,0.0001,0.6094,0.0018,200,792.3263
0.6283,0.0000,0.0000,0.0001,0.6265,0.0017,200,792.9376
0.6013,0.0000,0.0000,0.0001,0.5999,0.0013,200,793.5660
0.6373,0.0000,0.0000,0.0001,0.6351,0.0020,200,794.1673
0.6597,0.0000,0.0000,0.0001,0.6577,0.0016,200,794.8046
0.6442,0.0000,0.0000,0.0001,0.6425,0.0015,200,795.4642
0.6260,0.0000,0.0000,0.0000,0.6239,0.0019,200,796.1084
0.6407,0.0000,0.0000,0.0001,0.6391,0.0015,200,796.7344
0.6373,0.0000,0.0000,0.0000,0.6357,0.0014,200,797.3751
0.6237,0.0000,0.0000,0.0001,0.6221,0.0016,200,798.0124
0.6447,0.0000,0.0000,0.0000,0.6427,0.0019,200,798.6362
0.6749,0.0000,0.0000,0.0001,0.6732,0.0016,200,799.2809
0.6422,0.0000,0.0000,0.0001,0.6409,0.0012,200,799.9558
0.6437,0.0000,0.0000,0.0001,0.6418,0.0018,200,800.5980
0.6450,0.0000,0.0000,0.0001,0.6435,0.0013,200,801.2417
0.6628,0.0000,0.0000,0.0000,0.6610,0.0017,200,801.8867
0.6125,0.0000,0.0000,0.0001,0.6112,0.0012,200,802.5495
0.6607,0.0000,0.0000,0.0001,0.6590,0.0017,200,803.1621
0.6031,0.0000,0.0000,0.0001,0.6014,0.0015,200,803.8228
0.6633,0.0000,0.0000,0.0001,0.6611,0.0020,200,804.4259
0.6833,0.0000,0.0000,0.0000,0.6817,0.0016,200,805.0892
0.6176,0.0000,0.0000,0.0000,0.6155,0.0018,200,805.7725
0.6241,0.0000,0.0000,0.0001,0.6225,0.0015,200,806.3901
0.6576,0.0000,0.0000,0.0001,0.6558,0.0016,200,807.0142
0.6192,0.0000,0.0000,0.0001,0.6177,0.0013,200,807.6719
0.6168,0.0000,0.0000,0.0001,0.6148,0.0018,200,808.2911
0.6271,0.0000,0.0000,0.0001,0.6256,0.0014,200,808.9078
0.6228,0.0000,0.0000,0.0001,0.6209,0.0018,200,809.5350
0.6210,0.0000,0.0000,0.0000,0.6200,0.0009,200,810.1578
0.6663,0.0000,0.0000,0.0001,0.6646,0.0016,200,810.7788
0.6439,0.0000,0.0000,0.0001,0.6422,0.0016,200,811.4450
0.6491,0.0000,0.0000,0.0001,0.6469,0.0021,200,812.0890
0.6328,0.0000,0.0000,0.0001,0.6311,0.0016,200,812.7381
0.6202,0.0000,0.0000,0.0001,0.6188,0.0013,200,813.3709
0.6362,0.0000,0.0000,0.0001,0.6344,0.0017,200,813.9912
0.6214,0.0000,0.0000,0.0001,0.6196,0.0017,200,814.6274
0.6634,0.0000,0.0000,0.0001,0.6616,0.0017,200,815.2488
0.6771,0.0000,0.0000,0.0001,0.6754,0.0015,200,815.9121
0.6315,0.0000,0.0000,0.0001,0.6277,0.0037,200,816.5892
0.6415,0.0000,0.0000,0.0001,0.6394,0.0019,200,817.2208
0.6521,0.0000,0.0000,0.0001,0.6502,0.0016,200,817.8623
0.6208,0.0000,0.0000,0.0001,0.6191,0.0014,200,818.5144
0.6386,0.0000,0.0000,0.0001,0.6368,0.0017,200,819.1352
0.6222,0.0000,0.0000,0.0001,0.6209,0.0012,200,819.7738
0.6287,0.0000,0.0000,0.0001,0.6269,0.0017,200,820.3960
0.6472,0.0000,0.0000,0.0001,0.6452,0.0019,200,821.0248
0.6189,0.0000,0.0000,0.0001,0.6170,0.0018,200,821.6720
0.6460,0.0000,0.0000,0.0001,0.6428,0.0030,200,822.2909
0.6113,0.0000,0.0000,0.0004,0.6090,0.0016,200,822.9368
0.6314,0.0000,0.0000,0.0001,0.6299,0.0013,200,823.5482
0.6057,0.0000,0.0000,0.0000,0.6038,0.0019,200,824.1795
0.6464,0.0000,0.0000,0.0001,0.6446,0.0017,200,824.7853
0.6240,0.0000,0.0000,0.0001,0.6224,0.0015,200,825.4317
0.6324,0.0000,0.0000,0.0001,0.6308,0.0015,200,826.0557
0.6245,0.0000,0.0000,0.0001,0.6229,0.0015,200,826.6881
0.6277,0.0000,0.0000,0.0000,0.6263,0.0013,200,827.3126
0.6728,0.0000,0.0000,0.0001,0.6707,0.0020,200,827.9403
0.6179,0.0000,0.0000,0.0001,0.6163,0.0015,200,828.6131
0.6426,0.0000,0.0000,0.0001,0.6400,0.0024,200,829.2311
0.6069,0.0000,0.0000,0.0001,0.6060,0.0008,200,829.8736
0.6160,0.0000,0.0000,0.0000,0.6144,0.0014,200,830.4805
0.6698,0.0000,0.0000,0.0001,0.6686,0.0009,200,831.0965
0.6190,0.0000,0.0000,0.0001,0.6181,0.0008,200,831.7663
0.6230,0.0000,0.0000,0.0000,0.6211,0.0019,200,832.3854
0.6193,0.0000,0.0000,0.0001,0.6171,0.0020,200,833.0084
0.6101,0.0000,0.0000,0.0001,0.6088,0.0011,200,833.6277
0.6262,0.0000,0.0000,0.0001,0.6242,0.0018,200,834.2378
0.6409,0.0000,0.0000,0.0001,0.6392,0.0015,200,834.8640
0.6490,0.0000,0.0000,0.0001,0.6469,0.0019,200,835.5049
0.6288,0.0000,0.0000,0.0002,0.6268,0.0018,200,836.1539
0.6256,0.0000,0.0000,0.0001,0.6244,0.0011,200,836.7827
0.6351,0.0000,0.0000,0.0000,0.6335,0.0015,200,837.4083
0.6285,0.0000,0.0000,0.0001,0.6269,0.0014,200,838.0434
0.6704,0.0000,0.0000,0.0001,0.6694,0.0009,200,838.6720
0.6240,0.0000,0.0000,0.0000,0.6224,0.0015,200,839.3424
0.6292,0.0000,0.0000,0.0001,0.6275,0.0015,200,839.9664
0.6294,0.0000,0.0000,0.0001,0.6275,0.0016,200,840.5956
0.6519,0.0000,0.0000,0.0001,0.6497,0.0020,200,841.2250
0.6759,0.0000,0.0000,0.0001,0.6742,0.0014,200,841.8769
0.6327,0.0000,0.0000,0.0001,0.6309,0.0017,200,842.5528
0.6193,0.0000,0.0000,0.0001,0.6174,0.0018,200,843.1855
0.6035,0.0000,0.0000,0.0001,0.6031,0.0002,200,843.8048
0.6113,0.0000,0.0000,0.0001,0.6094,0.0017,200,844.4087
0.6521,0.0000,0.0000,0.0001,0.6502,0.0017,200,845.0200
0.6718,0.0000,0.0000,0.0001,0.6701,0.0016,200,845.6721
0.6438,0.0000,0.0000,0.0001,0.6419,0.0017,200,846.3439
0.6599,0.0000,0.0000,0.0001,0.6585,0.0013,200,846.9877
0.6716,0.0000,0.0000,0.0001,0.6699,0.0015,200,847.6476
0.6183,0.0000,0.0000,0.0001,0.6165,0.0017,200,848.3192
0.6140,0.0000,0.0000,0.0001,0.6124,0.0013,200,848.9375
0.6167,0.0000,0.0000,0.0001,0.6149,0.0017,200,849.5515
0.6169,0.0000,0.0000,0.0001,0.6154,0.0014,200,850.1682
0.6362,0.0000,0.0000,0.0001,0.6340,0.0020,200,850.7851
0.6508,0.0000,0.0000,0.0001,0.6490,0.0017,200,851.4213
0.6175,0.0000,0.0000,0.0001,0.6159,0.0015,200,852.0722
0.6365,0.0000,0.0000,0.0000,0.6347,0.0017,200,852.6897
0.6098,0.0000,0.0000,0.0001,0.6074,0.0023,200,853.3262
0.6322,0.0000,0.0000,0.0001,0.6303,0.0017,200,853.9361
0.6283,0.0000,0.0000,0.0001,0.6268,0.0013,200,854.5683
0.6407,0.0000,0.0000,0.0002,0.6382,0.0022,200,855.1965
0.6880,0.0000,0.0000,0.0001,0.6860,0.0019,200,855.8372
0.6466,0.0000,0.0000,0.0001,0.6445,0.0021,200,856.5252
0.6313,0.0000,0.0000,0.0001,0.6297,0.0016,200,857.1718
0.6300,0.0000,0.0000,0.0001,0.6283,0.0015,200,857.8032
0.6404,0.0000,0.0000,0.0001,0.6388,0.0015,200,858.4331
0.6222,0.0000,0.0000,0.0001,0.6212,0.0009,200,859.0736
0.6439,0.0000,0.0000,0.0000,0.6424,0.0015,200,859.6957
0.6562,0.0000,0.0000,0.0001,0.6545,0.0015,200,860.3396
0.6428,0.0000,0.0000,0.0001,0.6412,0.0014,200,860.9958
0.6093,0.0000,0.0000,0.0001,0.6077,0.0015,200,861.6386
0.6260,0.0000,0.0000,0.0001,0.6244,0.0015,200,862.2479
0.6259,0.0000,0.0000,0.0001,0.6247,0.0011,200,862.8739
0.6364,0.0000,0.0000,0.0001,0.6348,0.0015,200,863.4998
0.6218,0.0000,0.0000,0.0001,0.6200,0.0016,200,864.1362
0.5993,0.0000,0.0000,0.0001,0.5971,0.0021,200,864.7580
0.6292,0.0000,0.0000,0.0001,0.6281,0.0010,200,865.3573
0.6573,0.0000,0.0000,0.0001,0.6554,0.0017,200,865.9866
0.6533,0.0000,0.0000,0.0001,0.6518,0.0014,200,866.6438
0.6184,0.0000,0.0000,0.0001,0.6168,0.0015,200,867.2972
0.6346,0.0000,0.0000,0.0001,0.6333,0.0012,200,867.9156
0.6377,0.0000,0.0000,0.0000,0.6360,0.0016,200,868.5501
0.6249,0.0000,0.0000,0.0001,0.6233,0.0015,200,869.1879
0.6286,0.0000,0.0000,0.0001,0.6265,0.0018,200,869.8128
0.7564,0.0000,0.0000,0.0001,0.7547,0.0016,200,870.4414
0.6608,0.0000,0.0000,0.0001,0.6596,0.0011,200,871.1978
0.6375,0.0000,0.0000,0.0000,0.6357,0.0017,200,871.8586
0.6198,0.0000,0.0000,0.0001,0.6180,0.0017,200,872.4961
0.6242,0.0000,0.0000,0.0001,0.6224,0.0017,200,873.1159
0.6073,0.0000,0.0000,0.0001,0.6047,0.0025,200,873.7401
0.6156,0.0000,0.0000,0.0001,0.6141,0.0014,200,874.3475
0.6364,0.0000,0.0000,0.0001,0.6346,0.0015,200,874.9630
0.6352,0.0000,0.0000,0.0001,0.6338,0.0013,200,875.5994
0.6187,0.0000,0.0000,0.0000,0.6175,0.0011,200,876.2346
0.6654,0.0000,0.0000,0.0001,0.6639,0.0014,200,876.8534
0.6195,0.0000,0.0000,0.0000,0.6180,0.0015,200,877.5188
0.6080,0.0000,0.0000,0.0001,0.6067,0.0011,200,878.1383
0.6277,0.0000,0.0000,0.0000,0.6258,0.0018,200,878.7463
0.9057,0.0000,0.0000,0.0001,0.9038,0.0017,200,879.3740
0.6269,0.0000,0.0000,0.0001,0.6244,0.0024,200,880.2797
0.6419,0.0000,0.0000,0.0001,0.6403,0.0015,200,880.9066
0.6015,0.0000,0.0000,0.0001,0.5998,0.0016,200,881.5485
0.6059,0.0000,0.0000,0.0001,0.6046,0.0012,200,882.1500
0.6135,0.0000,0.0000,0.0001,0.6109,0.0024,200,882.7559
0.6469,0.0000,0.0000,0.0001,0.6449,0.0019,200,883.3694
0.6385,0.0000,0.0000,0.0001,0.6369,0.0015,200,884.0163
0.6294,0.0000,0.0000,0.0001,0.6279,0.0014,200,884.6548
0.6782,0.0000,0.0000,0.0001,0.6766,0.0014,200,885.2842
0.6145,0.0000,0.0000,0.0001,0.6124,0.0020,200,885.9624
0.6337,0.0000,0.0000,0.0000,0.6321,0.0014,200,886.5770
0.6440,0.0000,0.0000,0.0001,0.6423,0.0016,200,887.2107
0.6177,0.0000,0.0000,0.0000,0.6162,0.0014,200,887.8547
0.6173,0.0000,0.0000,0.0001,0.6163,0.0006,200,888.4724
0.6485,0.0000,0.0000,0.0000,0.6467,0.0018,200,889.0897
0.6733,0.0000,0.0000,0.0001,0.6714,0.0017,200,889.7383
0.6124,0.0000,0.0000,0.0001,0.6106,0.0016,200,890.4115
0.6299,0.0000,0.0000,0.0001,0.6279,0.0017,200,891.0239
0.6381,0.0000,0.0000,0.0001,0.6363,0.0016,200,891.6538
0.6262,0.0000,0.0000,0.0001,0.6246,0.0014,200,892.2919
0.6258,0.0000,0.0000,0.0001,0.6242,0.0015,200,892.9180
0.6090,0.0000,0.0000,0.0001,0.6069,0.0019,200,893.5439
0.6083,0.0000,0.0000,0.0001,0.6067,0.0015,200,894.1529
0.6445,0.0000,0.0000,0.0001,0.6421,0.0022,200,894.7612
0.6293,0.0000,0.0000,0.0001,0.6277,0.0014,200,895.4057
0.6336,0.0000,0.0000,0.0001,0.6317,0.0018,200,896.0349
0.6196,0.0000,0.0000,0.0001,0.6179,0.0015,200,896.6686
0.6618,0.0000,0.0000,0.0001,0.6599,0.0017,200,897.2882
0.6192,0.0000,0.0000,0.0001,0.6172,0.0019,200,897.9500
0.6316,0.0000,0.0000,0.0001,0.6298,0.0017,200,898.5692
0.6230,0.0000,0.0000,0.0001,0.6222,0.0007,200,899.2009
0.6195,0.0000,0.0000,0.0001,0.6177,0.0017,200,899.8239
0.6074,0.0000,0.0000,0.0001,0.6060,0.0013,200,900.4434
0.6237,0.0000,0.0000,0.0001,0.6217,0.0019,200,901.0509
0.6137,0.0000,0.0000,0.0001,0.6122,0.0014,200,901.6745
0.6275,0.0000,0.0000,0.0001,0.6251,0.0022,200,902.2882
0.6565,0.0000,0.0000,0.0001,0.6550,0.0013,200,902.9157
0.6108,0.0000,0.0000,0.0001,0.6092,0.0015,200,903.5722
0.6362,0.0000,0.0000,0.0001,0.6332,0.0029,200,904.1830
0.6599,0.0000,0.0000,0.0001,0.6580,0.0018,200,904.8192
0.6526,0.0000,0.0000,0.0001,0.6503,0.0022,200,905.4791
0.6237,0.0000,0.0000,0.0001,0.6219,0.0017,200,906.1317
0.6229,0.0000,0.0000,0.0001,0.6213,0.0015,200,906.7555
0.6465,0.0000,0.0000,0.0001,0.6446,0.0018,200,907.3784
0.6305,0.0000,0.0000,0.0001,0.6288,0.0017,200,908.0248
0.6351,0.0000,0.0000,0.0001,0.6336,0.0014,200,908.6554
0.6317,0.0000,0.0000,0.0001,0.6302,0.0014,200,909.2905
0.6285,0.0000,0.0000,0.0002,0.6269,0.0015,200,909.9222
0.6547,0.0000,0.0000,0.0001,0.6528,0.0018,200,910.5508
0.6293,0.0000,0.0000,0.0001,0.6276,0.0016,200,911.2055
0.6166,0.0000,0.0000,0.0001,0.6151,0.0014,200,911.8348
0.5962,0.0000,0.0000,0.0001,0.5942,0.0019,200,912.4514
0.6624,0.0000,0.0000,0.0001,0.6608,0.0014,200,913.0476
0.6348,0.0000,0.0000,0.0001,0.6331,0.0015,200,913.7100
0.6266,0.0000,0.0000,0.0001,0.6247,0.0017,200,914.3448
0.6495,0.0000,0.0000,0.0001,0.6478,0.0017,200,914.9714
0.6426,0.0000,0.0000,0.0001,0.6408,0.0017,200,915.6210
0.6489,0.0000,0.0000,0.0001,0.6472,0.0015,200,916.2636
0.6295,0.0000,0.0000,0.0001,0.6284,0.0010,200,916.9125
0.6396,0.0000,0.0000,0.0001,0.6380,0.0015,200,917.5419
0.6063,0.0000,0.0000,0.0001,0.6033,0.0029,200,918.1815
0.6243,0.0000,0.0000,0.0001,0.6228,0.0013,200,918.7878
0.6425,0.0000,0.0000,0.0001,0.6410,0.0014,200,919.4121
0.6520,0.0000,0.0000,0.0001,0.6504,0.0015,200,920.0547
0.6185,0.0000,0.0000,0.0001,0.6168,0.0016,200,920.7067
0.6295,0.0000,0.0000,0.0001,0.6284,0.0010,200,921.3252
0.6185,0.0000,0.0000,0.0001,0.6166,0.0018,200,921.9547
0.6190,0.0000,0.0000,0.0001,0.6175,0.0015,200,922.5732
0.6509,0.0000,0.0000,0.0001,0.6493,0.0015,200,923.1923
0.6195,0.0000,0.0000,0.0001,0.6179,0.0015,200,923.8432
0.8025,0.0000,0.0000,0.0001,0.8005,0.0020,200,924.4627
0.6148,0.0000,0.0000,0.0001,0.6135,0.0012,200,925.2652
0.6563,0.0000,0.0000,0.0001,0.6551,0.0011,200,925.8800
0.6174,0.0000,0.0000,0.0001,0.6151,0.0022,200,926.5363
0.6300,0.0000,0.0000,0.0001,0.6286,0.0012,200,927.1538
0.6379,0.0000,0.0000,0.0001,0.6355,0.0022,200,927.7837
0.6326,0.0000,0.0000,0.0001,0.6311,0.0013,200,928.4216
0.6194,0.0000,0.0000,0.0001,0.6174,0.0018,200,929.0542
0.6228,0.0000,0.0000,0.0001,0.6213,0.0014,200,929.6736
0.6381,0.0000,0.0000,0.0001,0.6356,0.0021,200,930.2964
0.6125,0.0000,0.0000,0.0001,0.6105,0.0019,200,930.9346
0.6203,0.0000,0.0000,0.0001,0.6184,0.0017,200,931.5471
0.6188,0.0000,0.0000,0.0001,0.6173,0.0013,200,932.1674
0.6393,0.0000,0.0000,0.0000,0.6380,0.0013,200,932.7862
0.6339,0.0000,0.0000,0.0001,0.6319,0.0017,200,933.4255
0.6471,0.0000,0.0000,0.0001,0.6455,0.0016,200,934.0594
0.6213,0.0000,0.0000,0.0001,0.6196,0.0016,200,934.7066
0.6190,0.0000,0.0000,0.0001,0.6178,0.0010,200,935.3279
0.6463,0.0000,0.0000,0.0000,0.6450,0.0012,200,935.9469
0.6486,0.0000,0.0000,0.0001,0.6467,0.0017,200,936.5931
0.6234,0.0000,0.0000,0.0001,0.6216,0.0017,200,937.2417
0.6471,0.0000,0.0000,0.0001,0.6449,0.0021,200,937.8652
0.6372,0.0000,0.0000,0.0001,0.6350,0.0021,200,938.5123
0.6356,0.0000,0.0000,0.0001,0.6342,0.0013,200,939.1495
0.6550,0.0000,0.0000,0.0001,0.6530,0.0019,200,939.7851
0.6338,0.0000,0.0000,0.0001,0.6318,0.0019,200,940.4401
0.6166,0.0000,0.0000,0.0001,0.6148,0.0017,200,941.0738
0.9013,0.0000,0.0000,0.0001,0.8996,0.0016,200,941.6905
0.6446,0.0000,0.0000,0.0001,0.6431,0.0013,200,942.5917
0.6255,0.0000,0.0000,0.0001,0.6236,0.0018,200,943.2363
0.6604,0.0000,0.0000,0.0001,0.6584,0.0019,200,943.8618
0.6542,0.0000,0.0000,0.0001,0.6524,0.0017,200,944.5223
0.6266,0.0000,0.0000,0.0001,0.6247,0.0015,200,945.1765
0.6210,0.0000,0.0000,0.0001,0.6193,0.0017,200,945.8031
0.6157,0.0000,0.0000,0.0001,0.6141,0.0015,200,946.4242
0.6335,0.0000,0.0000,0.0000,0.6314,0.0020,200,947.0399
0.6319,0.0000,0.0000,0.0001,0.6300,0.0018,200,947.6735
0.6422,0.0000,0.0000,0.0001,0.6398,0.0023,200,948.3054
0.6127,0.0000,0.0000,0.0001,0.6115,0.0011,200,948.9477
0.6282,0.0000,0.0000,0.0001,0.6266,0.0015,200,949.5603
0.6057,0.0000,0.0000,0.0001,0.6048,0.0006,200,950.1886
0.6166,0.0000,0.0000,0.0000,0.6155,0.0010,200,950.7943
0.8400,0.0000,0.0000,0.0000,0.8389,0.0010,200,951.4109
0.6220,0.0000,0.0000,0.0000,0.6200,0.0020,200,952.2509
0.6129,0.0000,0.0000,0.0001,0.6115,0.0013,200,952.8729
0.6115,0.0000,0.0000,0.0000,0.6106,0.0008,200,953.4857
0.6330,0.0000,0.0000,0.0000,0.6315,0.0015,200,954.0972
0.6254,0.0000,0.0000,0.0001,0.6243,0.0009,200,954.7302
0.6222,0.0000,0.0000,0.0000,0.6205,0.0016,200,955.3556
0.6196,0.0000,0.0000,0.0000,0.6188,0.0007,200,955.9778
0.6545,0.0000,0.0000,0.0000,0.6532,0.0013,200,956.5974
0.6313,0.0000,0.0000,0.0001,0.6298,0.0014,200,957.2519
0.6277,0.0000,0.0000,0.0000,0.6262,0.0014,200,957.8832
0.6589,0.0000,0.0000,0.0001,0.6577,0.0010,200,958.5109
0.6128,0.0000,0.0000,0.0000,0.6113,0.0014,200,959.1698
0.6039,0.0000,0.0000,0.0001,0.6021,0.0016,200,959.7826
0.6437,0.0000,0.0000,0.0000,0.6428,0.0007,200,960.3865
0.6042,0.0000,0.0000,0.0000,0.6034,0.0007,200,961.0302
0.6006,0.0000,0.0000,0.0000,0.5995,0.0010,200,961.6343
0.6092,0.0000,0.0000,0.0000,0.6081,0.0010,200,962.2349
0.6093,0.0000,0.0000,0.0000,0.6082,0.0011,200,962.8441
0.6298,0.0000,0.0000,0.0000,0.6292,0.0006,200,963.4534
0.6308,0.0000,0.0000,0.0000,0.6291,0.0017,200,964.0832
0.6095,0.0000,0.0000,0.0001,0.6083,0.0010,200,964.7141
0.6103,0.0000,0.0000,0.0000,0.6093,0.0009,200,965.3236
0.6146,0.0000,0.0000,0.0000,0.6133,0.0013,200,965.9338
0.6505,0.0000,0.0000,0.0001,0.6484,0.0021,200,966.5484
0.6206,0.0000,0.0000,0.0001,0.6197,0.0008,200,967.1990
0.6477,0.0000,0.0000,0.0000,0.6468,0.0008,200,967.8195
0.6447,0.0000,0.0000,0.0000,0.6437,0.0009,200,968.4672
0.6226,0.0000,0.0000,0.0000,0.6213,0.0012,200,969.1119
0.6108,0.0000,0.0000,0.0001,0.6095,0.0012,200,969.7344
0.5948,0.0000,0.0000,0.0001,0.5932,0.0015,200,970.3452
0.6338,0.0000,0.0000,0.0001,0.6330,0.0007,200,970.9400
0.6068,0.0000,0.0000,0.0000,0.6058,0.0010,200,971.5739
0.6077,0.0000,0.0000,0.0000,0.6062,0.0014,200,972.1807
0.6227,0.0000,0.0000,0.0000,0.6214,0.0013,200,972.7884
0.6219,0.0000,0.0000,0.0000,0.6207,0.0011,200,973.4111
0.6190,0.0000,0.0000,0.0000,0.6175,0.0014,200,974.0330
0.6504,0.0000,0.0000,0.0001,0.6495,0.0009,200,974.6520
0.6237,0.0000,0.0000,0.0000,0.6218,0.0019,200,975.3024
0.6456,0.0000,0.0000,0.0001,0.6438,0.0017,200,975.9261
0.7214,0.0000,0.0000,0.0001,0.7194,0.0019,200,976.5717
0.6339,0.0000,0.0000,0.0001,0.6328,0.0010,200,977.2931
0.6219,0.0000,0.0000,0.0000,0.6212,0.0007,200,977.9270
0.6202,0.0000,0.0000,0.0000,0.6185,0.0017,200,978.5489
0.6379,0.0000,0.0000,0.0001,0.6363,0.0015,200,979.1692
0.6277,0.0000,0.0000,0.0001,0.6259,0.0017,200,979.8070
0.6243,0.0000,0.0000,0.0001,0.6227,0.0014,200,980.4348
0.6442,0.0000,0.0000,0.0001,0.6424,0.0016,200,981.0591
0.6231,0.0000,0.0000,0.0001,0.6221,0.0009,200,981.7033
0.6277,0.0000,0.0000,0.0001,0.6259,0.0016,200,982.3264
0.6386,0.0000,0.0000,0.0001,0.6367,0.0018,200,982.9541
0.6271,0.0000,0.0000,0.0001,0.6252,0.0018,200,983.5927
0.6319,0.0000,0.0000,0.0001,0.6303,0.0014,200,984.2199
0.6947,0.0000,0.0000,0.0001,0.6937,0.0008,200,984.8517
0.6150,0.0000,0.0000,0.0001,0.6130,0.0017,200,985.5464
0.6276,0.0000,0.0000,0.0001,0.6255,0.0019,200,986.1614
0.6301,0.0000,0.0000,0.0001,0.6282,0.0018,200,986.7890
0.6224,0.0000,0.0000,0.0001,0.6207,0.0016,200,987.4192
0.6343,0.0000,0.0000,0.0001,0.6325,0.0017,200,988.0416
0.6346,0.0000,0.0000,0.0001,0.6328,0.0017,200,988.6759
0.6277,0.0000,0.0000,0.0001,0.6263,0.0012,200,989.3105
0.6198,0.0000,0.0000,0.0001,0.6181,0.0016,200,989.9381
0.6422,0.0000,0.0000,0.0001,0.6401,0.0021,200,990.5579
0.6747,0.0000,0.0000,0.0001,0.6729,0.0017,200,991.2002
0.6284,0.0000,0.0000,0.0001,0.6270,0.0013,200,991.8748
0.6268,0.0000,0.0000,0.0001,0.6250,0.0016,200,992.5033
0.6217,0.0000,0.0000,0.0001,0.6198,0.0018,200,993.1301
0.6443,0.0000,0.0000,0.0001,0.6425,0.0017,200,993.7518
0.6201,0.0000,0.0000,0.0001,0.6189,0.0010,200,994.3962
0.6300,0.0000,0.0000,0.0001,0.6279,0.0019,200,995.0163
0.6414,0.0000,0.0000,0.0001,0.6399,0.0013,200,995.6463
0.6342,0.0000,0.0000,0.0001,0.6322,0.0019,200,996.2876
0.6468,0.0000,0.0000,0.0001,0.6449,0.0017,200,996.9218
0.6163,0.0000,0.0000,0.0001,0.6144,0.0017,200,997.5686
0.6354,0.0000,0.0000,0.0001,0.6334,0.0018,200,998.1849
0.6727,0.0000,0.0000,0.0001,0.6709,0.0016,200,998.8203
0.6413,0.0000,0.0000,0.0001,0.6395,0.0016,200,999.4930
0.6699,0.0000,0.0000,0.0001,0.6683,0.0015,200,1000.1342
0.6300,0.0000,0.0000,0.0001,0.6293,0.0005,200,1000.8042
0.6151,0.0000,0.0000,0.0001,0.6126,0.0023,200,1001.4342
0.6704,0.0000,0.0000,0.0001,0.6687,0.0015,200,1002.0493
0.6273,0.0000,0.0000,0.0000,0.6258,0.0015,200,1002.7197
0.6287,0.0000,0.0000,0.0001,0.6269,0.0016,200,1003.3470
0.6380,0.0000,0.0000,0.0001,0.6362,0.0017,200,1003.9757
0.6165,0.0000,0.0000,0.0001,0.6155,0.0008,200,1004.6137
0.6348,0.0000,0.0000,0.0000,0.6332,0.0015,200,1005.2302
0.6202,0.0000,0.0000,0.0000,0.6185,0.0016,200,1005.8649
0.6090,0.0000,0.0000,0.0001,0.6071,0.0018,200,1006.4851
0.6200,0.0000,0.0000,0.0001,0.6176,0.0022,200,1007.0941
0.6696,0.0000,0.0000,0.0001,0.6679,0.0017,200,1007.7142
0.6406,0.0000,0.0000,0.0001,0.6391,0.0014,200,1008.3838
0.6366,0.0000,0.0000,0.0001,0.6349,0.0015,200,1009.0245
0.6630,0.0000,0.0000,0.0001,0.6617,0.0012,200,1009.6611
0.6437,0.0000,0.0000,0.0001,0.6424,0.0011,200,1010.3241
0.6165,0.0000,0.0000,0.0000,0.6143,0.0021,200,1010.9678
0.6266,0.0000,0.0000,0.0001,0.6249,0.0016,200,1011.5843
0.7358,0.0000,0.0000,0.0001,0.7344,0.0013,200,1012.2109
0.6414,0.0000,0.0000,0.0001,0.6399,0.0013,200,1012.9467
0.6126,0.0000,0.0000,0.0001,0.6114,0.0012,200,1013.5881
0.6327,0.0000,0.0000,0.0001,0.6307,0.0019,200,1014.2008
0.6318,0.0000,0.0000,0.0001,0.6299,0.0018,200,1014.8335
0.6212,0.0000,0.0000,0.0001,0.6199,0.0011,200,1015.4653
0.6335,0.0000,0.0000,0.0001,0.6317,0.0017,200,1016.0864
0.6321,0.0000,0.0000,0.0001,0.6306,0.0013,200,1016.7200
0.6401,0.0000,0.0000,0.0001,0.6384,0.0015,200,1017.3521
0.6107,0.0000,0.0000,0.0001,0.6091,0.0015,200,1017.9922
0.6445,0.0000,0.0000,0.0001,0.6428,0.0015,200,1018.6029
0.6188,0.0000,0.0000,0.0001,0.6168,0.0018,200,1019.2473
0.6324,0.0000,0.0000,0.0001,0.6304,0.0018,200,1019.8661
0.6217,0.0000,0.0000,0.0001,0.6202,0.0014,200,1020.4985
0.6390,0.0000,0.0000,0.0000,0.6371,0.0018,200,1021.1202
0.6165,0.0000,0.0000,0.0001,0.6153,0.0010,200,1021.7593
0.6293,0.0000,0.0000,0.0001,0.6274,0.0018,200,1022.3758
0.6241,0.0000,0.0000,0.0001,0.6224,0.0015,200,1023.0051
0.6247,0.0000,0.0000,0.0001,0.6228,0.0018,200,1023.6291
0.6237,0.0000,0.0000,0.0001,0.6216,0.0019,200,1024.2539
0.6398,0.0000,0.0000,0.0001,0.6378,0.0020,200,1024.8776
0.6224,0.0000,0.0000,0.0001,0.6207,0.0016,200,1025.5174
0.6455,0.0000,0.0000,0.0001,0.6432,0.0022,200,1026.1398
0.6348,0.0000,0.0000,0.0001,0.6328,0.0019,200,1026.7853
0.6189,0.0000,0.0000,0.0001,0.6175,0.0013,200,1027.4201
0.6159,0.0000,0.0000,0.0001,0.6142,0.0016,200,1028.0390
0.6451,0.0000,0.0000,0.0001,0.6436,0.0014,200,1028.6549
0.6162,0.0000,0.0000,0.0001,0.6150,0.0011,200,1029.3000
0.6470,0.0000,0.0000,0.0001,0.6450,0.0019,200,1029.9162
1.4965,0.0000,0.0000,0.0001,1.4948,0.0016,200,1030.5632
0.6351,0.0000,0.0000,0.0001,0.6332,0.0018,200,1032.0597
0.6359,0.0000,0.0000,0.0001,0.6340,0.0017,200,1032.6948
0.6194,0.0000,0.0000,0.0001,0.6176,0.0016,200,1033.3308
0.6207,0.0000,0.0000,0.0001,0.6190,0.0016,200,1033.9501
0.6444,0.0000,0.0000,0.0001,0.6429,0.0014,200,1034.5709
0.6301,0.0000,0.0000,0.0000,0.6283,0.0017,200,1035.2153
0.6493,0.0000,0.0000,0.0001,0.6474,0.0018,200,1035.8454
0.6345,0.0000,0.0000,0.0001,0.6326,0.0017,200,1036.4947
0.6264,0.0000,0.0000,0.0001,0.6247,0.0016,200,1037.1292
0.6405,0.0000,0.0000,0.0001,0.6388,0.0016,200,1037.7556
0.6214,0.0000,0.0000,0.0001,0.6195,0.0017,200,1038.3961
0.6369,0.0000,0.0000,0.0001,0.6353,0.0015,200,1039.0175
0.6387,0.0000,0.0000,0.0001,0.6361,0.0021,200,1039.6544
0.6230,0.0000,0.0000,0.0001,0.6214,0.0015,200,1040.2931
0.6456,0.0000,0.0000,0.0001,0.6437,0.0019,200,1040.9161
0.6270,0.0000,0.0000,0.0000,0.6260,0.0008,200,1041.5617
0.6295,0.0000,0.0000,0.0000,0.6271,0.0024,200,1042.1887
0.6253,0.0000,0.0000,0.0001,0.6235,0.0016,200,1042.8183
0.6328,0.0000,0.0000,0.0001,0.6311,0.0015,200,1043.4436
0.6239,0.0000,0.0000,0.0001,0.6224,0.0015,200,1044.0763
0.6278,0.0000,0.0000,0.0001,0.6260,0.0016,200,1044.7003
0.6340,0.0000,0.0000,0.0001,0.6315,0.0023,200,1045.3281
0.6578,0.0000,0.0000,0.0001,0.6566,0.0010,200,1045.9621
0.6283,0.0000,0.0000,0.0001,0.6266,0.0016,200,1046.6198
0.5969,0.0000,0.0000,0.0000,0.5951,0.0016,200,1047.2482
0.6420,0.0000,0.0000,0.0001,0.6397,0.0022,200,1047.8451
0.6205,0.0000,0.0000,0.0001,0.6189,0.0014,200,1048.4871
0.6315,0.0000,0.0000,0.0001,0.6300,0.0014,200,1049.1076
0.6181,0.0000,0.0000,0.0001,0.6161,0.0019,200,1049.7390
0.6627,0.0000,0.0000,0.0001,0.6611,0.0015,200,1050.3572
0.6267,0.0000,0.0000,0.0001,0.6249,0.0017,200,1051.0199
0.6395,0.0000,0.0000,0.0001,0.6369,0.0025,200,1051.6466
0.6335,0.0000,0.0000,0.0001,0.6318,0.0016,200,1052.2861
0.6075,0.0000,0.0000,0.0001,0.6063,0.0011,200,1052.9196
0.6165,0.0000,0.0000,0.0000,0.6150,0.0014,200,1053.5271
0.6317,0.0000,0.0000,0.0001,0.6303,0.0013,200,1054.1436
0.6156,0.0000,0.0000,0.0001,0.6138,0.0016,200,1054.7753
0.6266,0.0000,0.0000,0.0001,0.6249,0.0016,200,1055.3909
0.6520,0.0000,0.0000,0.0001,0.6499,0.0020,200,1056.0175
0.6663,0.0000,0.0000,0.0001,0.6646,0.0016,200,1056.6695
0.6358,0.0000,0.0000,0.0001,0.6345,0.0012,200,1057.3358
0.6245,0.0000,0.0000,0.0001,0.6224,0.0018,200,1057.9716
0.6296,0.0000,0.0000,0.0001,0.6280,0.0015,200,1058.5960
0.6415,0.0000,0.0000,0.0001,0.6396,0.0018,200,1059.2256
0.6301,0.0000,0.0000,0.0001,0.6285,0.0015,200,1059.8671
0.6350,0.0000,0.0000,0.0001,0.6332,0.0017,200,1060.4973
0.7230,0.0000,0.0000,0.0001,0.7213,0.0016,200,1061.1323
0.6500,0.0000,0.0000,0.0001,0.6488,0.0011,200,1061.8553
0.6265,0.0000,0.0000,0.0000,0.6249,0.0016,200,1062.5054
0.6178,0.0000,0.0000,0.0000,0.6168,0.0009,200,1063.1319
0.6039,0.0000,0.0000,0.0000,0.6020,0.0018,200,1063.7497
0.6332,0.0000,0.0000,0.0001,0.6317,0.0014,200,1064.3536
0.6505,0.0000,0.0000,0.0000,0.6486,0.0017,200,1064.9868
0.6184,0.0000,0.0000,0.0001,0.6168,0.0014,200,1065.6373
0.6193,0.0000,0.0000,0.0001,0.6174,0.0018,200,1066.2557
0.6628,0.0000,0.0000,0.0001,0.6613,0.0014,200,1066.8750
0.6239,0.0000,0.0000,0.0001,0.6218,0.0020,200,1067.5379
0.6770,0.0000,0.0000,0.0000,0.6757,0.0012,200,1068.1618
0.6372,0.0000,0.0000,0.0001,0.6354,0.0017,200,1068.8388
0.6196,0.0000,0.0000,0.0001,0.6179,0.0015,200,1069.4760
0.6544,0.0000,0.0000,0.0001,0.6525,0.0018,200,1070.0956
0.6174,0.0000,0.0000,0.0001,0.6149,0.0024,200,1070.7500
0.6359,0.0000,0.0000,0.0001,0.6339,0.0017,200,1071.3675
0.6420,0.0000,0.0000,0.0001,0.6407,0.0012,200,1072.0033
0.6445,0.0000,0.0000,0.0001,0.6422,0.0022,200,1072.6454
0.6171,0.0000,0.0000,0.0001,0.6155,0.0015,200,1073.2899
0.6144,0.0000,0.0000,0.0001,0.6127,0.0016,200,1073.9070
0.6308,0.0000,0.0000,0.0001,0.6291,0.0016,200,1074.5214
0.6285,0.0000,0.0000,0.0001,0.6268,0.0016,200,1075.1522
0.6440,0.0000,0.0000,0.0001,0.6421,0.0018,200,1075.7808
0.6311,0.0000,0.0000,0.0001,0.6292,0.0017,200,1076.4247
0.6449,0.0000,0.0000,0.0001,0.6432,0.0016,200,1077.0559
0.6098,0.0000,0.0000,0.0001,0.6080,0.0017,200,1077.7008
0.6532,0.0000,0.0000,0.0000,0.6514,0.0017,200,1078.3106
0.6184,0.0000,0.0000,0.0001,0.6164,0.0019,200,1078.9638
0.6228,0.0000,0.0000,0.0001,0.6209,0.0018,200,1079.5822
0.6224,0.0000,0.0000,0.0001,0.6208,0.0015,200,1080.2050
0.6280,0.0000,0.0000,0.0000,0.6263,0.0016,200,1080.8274
0.6503,0.0000,0.0000,0.0001,0.6482,0.0020,200,1081.4554
0.6126,0.0000,0.0000,0.0001,0.6107,0.0018,200,1082.1057
0.6290,0.0000,0.0000,0.0001,0.6270,0.0018,200,1082.7183
0.6412,0.0000,0.0000,0.0001,0.6395,0.0015,200,1083.3474
0.6073,0.0000,0.0000,0.0001,0.6061,0.0009,200,1083.9885
0.6181,0.0000,0.0000,0.0000,0.6160,0.0020,200,1084.5958
0.6270,0.0000,0.0000,0.0001,0.6254,0.0016,200,1085.2139
0.6435,0.0000,0.0000,0.0001,0.6418,0.0016,200,1085.8409
0.6105,0.0000,0.0000,0.0001,0.6086,0.0017,200,1086.4844
0.6624,0.0000,0.0000,0.0000,0.6608,0.0015,200,1087.0949
0.6166,0.0000,0.0000,0.0001,0.6147,0.0018,200,1087.7573
0.6317,0.0000,0.0000,0.0001,0.6299,0.0016,200,1088.3739
0.6108,0.0000,0.0000,0.0001,0.6098,0.0009,200,1089.0055
0.6298,0.0000,0.0000,0.0001,0.6283,0.0014,200,1089.6164
0.6218,0.0000,0.0000,0.0000,0.6202,0.0015,200,1090.2461
0.6484,0.0000,0.0000,0.0000,0.6467,0.0016,200,1090.8679
0.6400,0.0000,0.0000,0.0001,0.6379,0.0020,200,1091.5163
0.6237,0.0000,0.0000,0.0001,0.6216,0.0019,200,1092.1563
0.6332,0.0000,0.0000,0.0001,0.6315,0.0016,200,1092.7800
0.6304,0.0000,0.0000,0.0001,0.6288,0.0015,200,1093.4132
0.6119,0.0000,0.0000,0.0001,0.6105,0.0013,200,1094.0436
0.6347,0.0000,0.0000,0.0001,0.6331,0.0015,200,1094.6555
0.6252,0.0000,0.0000,0.0001,0.6238,0.0013,200,1095.2902
0.6464,0.0000,0.0000,0.0001,0.6441,0.0022,200,1095.9155
0.6329,0.0000,0.0000,0.0001,0.6307,0.0021,200,1096.5618
0.6415,0.0000,0.0000,0.0001,0.6398,0.0015,200,1097.1947
0.6373,0.0000,0.0000,0.0001,0.6354,0.0017,200,1097.8362
0.6066,0.0000,0.0000,0.0001,0.6051,0.0014,200,1098.4735
0.6618,0.0000,0.0000,0.0001,0.6602,0.0014,200,1099.0801
0.5995,0.0000,0.0000,0.0001,0.5979,0.0015,200,1099.7419
0.6447,0.0000,0.0000,0.0001,0.6428,0.0017,200,1100.3414
0.6355,0.0000,0.0000,0.0001,0.6338,0.0016,200,1100.9860
0.6266,0.0000,0.0000,0.0000,0.6249,0.0016,200,1101.6215
0.6548,0.0000,0.0000,0.0001,0.6531,0.0015,200,1102.2482
0.6103,0.0000,0.0000,0.0001,0.6087,0.0015,200,1102.9030
0.6544,0.0000,0.0000,0.0000,0.6527,0.0016,200,1103.5133
0.6247,0.0000,0.0000,0.0000,0.6239,0.0007,200,1104.1677
0.6089,0.0000,0.0000,0.0000,0.6071,0.0018,200,1104.7924
0.6027,0.0000,0.0000,0.0001,0.6011,0.0015,200,1105.4013
0.6183,0.0000,0.0000,0.0001,0.6170,0.0012,200,1106.0040
0.6716,0.0000,0.0000,0.0000,0.6700,0.0016,200,1106.6223
0.6157,0.0000,0.0000,0.0001,0.6141,0.0016,200,1107.2939
0.6465,0.0000,0.0000,0.0001,0.6450,0.0014,200,1107.9096
0.5908,0.0000,0.0000,0.0001,0.5888,0.0019,200,1108.5562
0.6510,0.0000,0.0000,0.0002,0.6467,0.0041,200,1109.1470
0.6217,0.0000,0.0000,0.0001,0.6198,0.0016,200,1109.7981
0.6407,0.0000,0.0000,0.0001,0.6390,0.0016,200,1110.4197
0.6276,0.0000,0.0000,0.0001,0.6260,0.0015,200,1111.0604
0.6182,0.0000,0.0000,0.0001,0.6154,0.0027,200,1111.6880
0.6092,0.0000,0.0000,0.0001,0.6075,0.0016,200,1112.3063
0.6299,0.0000,0.0000,0.0001,0.6280,0.0018,200,1112.9155
0.6099,0.0000,0.0000,0.0001,0.6076,0.0022,200,1113.5455
0.6236,0.0000,0.0000,0.0001,0.6221,0.0014,200,1114.1554
0.6285,0.0000,0.0000,0.0001,0.6269,0.0015,200,1114.7790
0.6210,0.0000,0.0000,0.0001,0.6195,0.0014,200,1115.4075
0.6897,0.0000,0.0000,0.0002,0.6865,0.0030,200,1116.0285
0.6285,0.0000,0.0000,0.0001,0.6262,0.0016,200,1116.7182
0.6146,0.0000,0.0000,0.0001,0.6130,0.0015,200,1117.3467
0.6206,0.0000,0.0000,0.0001,0.6190,0.0015,200,1117.9614
0.6198,0.0000,0.0000,0.0001,0.6176,0.0020,200,1118.5820
0.6175,0.0000,0.0000,0.0001,0.6167,0.0007,200,1119.2018
0.6231,0.0000,0.0000,0.0001,0.6210,0.0020,200,1119.8193
0.6156,0.0000,0.0000,0.0001,0.6139,0.0016,200,1120.4425
0.6206,0.0000,0.0000,0.0001,0.6196,0.0008,200,1121.0581
0.6248,0.0000,0.0000,0.0000,0.6232,0.0015,200,1121.6786
0.6485,0.0000,0.0000,0.0001,0.6482,0.0002,200,1122.3034
0.6365,0.0000,0.0000,0.0000,0.6349,0.0015,200,1122.9519
0.6187,0.0000,0.0000,0.0000,0.6169,0.0017,200,1123.5884
0.6308,0.0000,0.0000,0.0001,0.6286,0.0021,200,1124.2071
0.6420,0.0000,0.0000,0.0001,0.6407,0.0011,200,1124.8380
0.6143,0.0000,0.0000,0.0000,0.6128,0.0014,200,1125.4799
0.6556,0.0000,0.0000,0.0001,0.6540,0.0015,200,1126.0943
0.6571,0.0000,0.0000,0.0001,0.6552,0.0017,200,1126.7499
0.6272,0.0000,0.0000,0.0000,0.6256,0.0015,200,1127.4070
0.6337,0.0000,0.0000,0.0001,0.6318,0.0018,200,1128.0343
0.6148,0.0000,0.0000,0.0001,0.6128,0.0019,200,1128.6679
0.6187,0.0000,0.0000,0.0001,0.6166,0.0020,200,1129.2828
0.6100,0.0000,0.0000,0.0001,0.6090,0.0009,200,1129.9015
0.6757,0.0000,0.0000,0.0000,0.6743,0.0014,200,1130.5115
0.6132,0.0000,0.0000,0.0001,0.6119,0.0012,200,1131.1872
0.6217,0.0000,0.0000,0.0001,0.6201,0.0014,200,1131.8004
0.6116,0.0000,0.0000,0.0001,0.6105,0.0009,200,1132.4221
0.6171,0.0000,0.0000,0.0000,0.6153,0.0017,200,1133.0337
0.6590,0.0000,0.0000,0.0001,0.6571,0.0018,200,1133.6507
0.6198,0.0000,0.0000,0.0001,0.6176,0.0021,200,1134.3097
0.6112,0.0000,0.0000,0.0001,0.6098,0.0013,200,1134.9296
0.6205,0.0000,0.0000,0.0000,0.6189,0.0016,200,1135.5408
0.6285,0.0000,0.0000,0.0000,0.6266,0.0018,200,1136.1613
0.6305,0.0000,0.0000,0.0000,0.6289,0.0015,200,1136.7899
0.6635,0.0000,0.0000,0.0001,0.6618,0.0015,200,1137.4204
0.6419,0.0000,0.0000,0.0001,0.6399,0.0019,200,1138.0838
0.6797,0.0000,0.0000,0.0001,0.6777,0.0018,200,1138.7257
0.6494,0.0000,0.0000,0.0000,0.6475,0.0018,200,1139.4054
0.6418,0.0000,0.0000,0.0001,0.6402,0.0015,200,1140.0548
0.6319,0.0000,0.0000,0.0001,0.6301,0.0017,200,1140.6966
0.6196,0.0000,0.0000,0.0003,0.6187,0.0006,200,1141.3285
0.6153,0.0000,0.0000,0.0000,0.6130,0.0022,200,1141.9482
0.6284,0.0000,0.0000,0.0001,0.6266,0.0017,200,1142.5635
0.6131,0.0000,0.0000,0.0001,0.6123,0.0007,200,1143.1919
0.6351,0.0000,0.0000,0.0000,0.6333,0.0017,200,1143.8050
0.6334,0.0000,0.0000,0.0001,0.6313,0.0019,200,1144.4401
0.6231,0.0000,0.0000,0.0001,0.6185,0.0044,200,1145.0734
0.6320,0.0000,0.0000,0.0001,0.6299,0.0018,200,1145.6965
0.6262,0.0000,0.0000,0.0002,0.6245,0.0014,200,1146.3285
0.6227,0.0000,0.0000,0.0001,0.6208,0.0017,200,1146.9548
0.6441,0.0000,0.0000,0.0001,0.6425,0.0015,200,1147.5774
0.6160,0.0000,0.0000,0.0001,0.6142,0.0017,200,1148.2216
0.6543,0.0000,0.0000,0.0001,0.6528,0.0014,200,1148.8376
0.6303,0.0000,0.0000,0.0001,0.6288,0.0014,200,1149.4918
0.6088,0.0000,0.0000,0.0001,0.6074,0.0013,200,1150.1222
0.6205,0.0000,0.0000,0.0001,0.6189,0.0015,200,1150.7310
0.6285,0.0000,0.0000,0.0001,0.6272,0.0013,200,1151.3516
0.6371,0.0000,0.0000,0.0001,0.6353,0.0017,200,1151.9801
0.6143,0.0000,0.0000,0.0001,0.6131,0.0011,200,1152.6172
0.6065,0.0000,0.0000,0.0001,0.6053,0.0011,200,1153.2316
0.6034,0.0000,0.0000,0.0000,0.6013,0.0020,200,1153.8381
0.6056,0.0000,0.0000,0.0001,0.6043,0.0012,200,1154.4415
0.6150,0.0000,0.0000,0.0001,0.6109,0.0040,200,1155.0471
0.6270,0.0000,0.0000,0.0001,0.6251,0.0018,200,1155.6621
0.6264,0.0000,0.0000,0.0001,0.6244,0.0019,200,1156.2892
0.6143,0.0000,0.0000,0.0001,0.6124,0.0017,200,1156.9156
0.6404,0.0000,0.0000,0.0001,0.6388,0.0014,200,1157.5299
0.6196,0.0000,0.0000,0.0000,0.6174,0.0020,200,1158.1702
0.6311,0.0000,0.0000,0.0001,0.6291,0.0019,200,1158.7898
0.6085,0.0000,0.0000,0.0001,0.6064,0.0019,200,1159.4209
0.6310,0.0000,0.0000,0.0000,0.6293,0.0016,200,1160.0295
0.6571,0.0000,0.0000,0.0002,0.6549,0.0020,200,1160.6605
0.6599,0.0000,0.0000,0.0001,0.6583,0.0015,200,1161.3176
0.6400,0.0000,0.0000,0.0001,0.6382,0.0017,200,1161.9776
0.6267,0.0000,0.0000,0.0001,0.6250,0.0015,200,1162.6176
0.6332,0.0000,0.0000,0.0004,0.6318,0.0009,200,1163.2443
0.6130,0.0000,0.0000,0.0000,0.6116,0.0013,200,1163.8775
0.6411,0.0000,0.0000,0.0001,0.6393,0.0017,200,1164.4908
0.6289,0.0000,0.0000,0.0001,0.6283,0.0004,200,1165.1319
0.6222,0.0000,0.0000,0.0001,0.6212,0.0008,200,1165.7608
0.6184,0.0000,0.0000,0.0000,0.6167,0.0016,200,1166.3830
0.6340,0.0000,0.0000,0.0000,0.6324,0.0015,200,1167.0014
0.6197,0.0000,0.0000,0.0001,0.6180,0.0016,200,1167.6354
0.6184,0.0000,0.0000,0.0001,0.6162,0.0021,200,1168.2550
0.6239,0.0000,0.0000,0.0001,0.6220,0.0018,200,1168.8734
0.6565,0.0000,0.0000,0.0001,0.6549,0.0014,200,1169.4974
0.6135,0.0000,0.0000,0.0001,0.6121,0.0013,200,1170.1539
0.6230,0.0000,0.0000,0.0001,0.6216,0.0013,200,1170.7674
0.6566,0.0000,0.0000,0.0001,0.6547,0.0018,200,1171.3903
0.6321,0.0000,0.0000,0.0001,0.6304,0.0015,200,1172.0469
0.6345,0.0000,0.0000,0.0001,0.6326,0.0018,200,1172.6790
0.6165,0.0000,0.0000,0.0001,0.6143,0.0019,200,1173.3135
0.6256,0.0000,0.0000,0.0001,0.6241,0.0014,200,1173.9300
0.6198,0.0000,0.0000,0.0001,0.6181,0.0015,200,1174.5556
0.6045,0.0000,0.0000,0.0001,0.6021,0.0023,200,1175.1754
0.6503,0.0000,0.0000,0.0001,0.6482,0.0019,200,1175.7799
0.6134,0.0000,0.0000,0.0001,0.6120,0.0012,200,1176.4302
0.6243,0.0000,0.0000,0.0001,0.6220,0.0022,200,1177.0436
0.6338,0.0000,0.0000,0.0001,0.6319,0.0018,200,1177.6679
0.6234,0.0000,0.0000,0.0001,0.6212,0.0020,200,1178.3017
0.6381,0.0000,0.0000,0.0001,0.6364,0.0015,200,1178.9251
0.6550,0.0000,0.0000,0.0001,0.6531,0.0018,200,1179.5632
0.6451,0.0000,0.0000,0.0001,0.6434,0.0016,200,1180.2181
0.6396,0.0000,0.0000,0.0001,0.6378,0.0016,200,1180.8632
0.6108,0.0000,0.0000,0.0001,0.6088,0.0019,200,1181.5028
0.6077,0.0000,0.0000,0.0001,0.6060,0.0016,200,1182.1137
0.6222,0.0000,0.0000,0.0000,0.6207,0.0014,200,1182.7214
0.6271,0.0000,0.0000,0.0001,0.6260,0.0010,200,1183.3436
0.6244,0.0000,0.0000,0.0001,0.6228,0.0015,200,1183.9706
0.6101,0.0000,0.0000,0.0001,0.6088,0.0012,200,1184.5951
0.6287,0.0000,0.0000,0.0000,0.6266,0.0020,200,1185.2052
0.6375,0.0000,0.0000,0.0001,0.6348,0.0015,200,1185.8339
0.6159,0.0000,0.0000,0.0001,0.6141,0.0016,200,1186.4715
0.6168,0.0000,0.0000,0.0001,0.6148,0.0019,200,1187.0874
0.6707,0.0000,0.0000,0.0001,0.6690,0.0016,200,1187.7042
0.6233,0.0000,0.0000,0.0001,0.6222,0.0010,200,1188.3749
0.6393,0.0000,0.0000,0.0000,0.6373,0.0020,200,1188.9982
0.6187,0.0000,0.0000,0.0001,0.6168,0.0018,200,1189.6376
0.6277,0.0000,0.0000,0.0001,0.6259,0.0017,200,1190.2563
0.6240,0.0000,0.0000,0.0001,0.6219,0.0019,200,1190.8840
0.6199,0.0000,0.0000,0.0001,0.6177,0.0021,200,1191.5080
0.6491,0.0000,0.0000,0.0001,0.6480,0.0009,200,1192.1280
0.6347,0.0000,0.0000,0.0000,0.6331,0.0015,200,1192.7771
0.5991,0.0000,0.0000,0.0001,0.5975,0.0014,200,1193.4118
0.6481,0.0000,0.0000,0.0000,0.6465,0.0015,200,1194.0108
0.6367,0.0000,0.0000,0.0001,0.6348,0.0018,200,1194.6589
0.6391,0.0000,0.0000,0.0000,0.6366,0.0024,200,1195.2956
0.6159,0.0000,0.0000,0.0001,0.6145,0.0012,200,1195.9348
0.6401,0.0000,0.0000,0.0000,0.6385,0.0015,200,1196.5507
0.5992,0.0000,0.0000,0.0000,0.5964,0.0026,200,1197.1907
0.6344,0.0000,0.0000,0.0001,0.6324,0.0019,200,1197.7899
0.6144,0.0000,0.0000,0.0001,0.6125,0.0018,200,1198.4243
0.6100,0.0000,0.0000,0.0001,0.6075,0.0024,200,1199.0387
0.6267,0.0000,0.0000,0.0001,0.6249,0.0017,200,1199.6487
0.6972,0.0000,0.0000,0.0001,0.6956,0.0015,200,1200.2755
0.6337,0.0000,0.0000,0.0001,0.6322,0.0014,200,1200.9727
0.6092,0.0000,0.0000,0.0000,0.6075,0.0015,200,1201.6064
0.6144,0.0000,0.0000,0.0001,0.6131,0.0012,200,1202.2156
0.6442,0.0000,0.0000,0.0000,0.6428,0.0014,200,1202.8300
0.6380,0.0000,0.0000,0.0001,0.6361,0.0018,200,1203.4742
0.6199,0.0000,0.0000,0.0001,0.6180,0.0017,200,1204.1122
0.6083,0.0000,0.0000,0.0001,0.6071,0.0011,200,1204.7321
0.6258,0.0000,0.0000,0.0000,0.6241,0.0016,200,1205.3404
0.6215,0.0000,0.0000,0.0001,0.6198,0.0016,200,1205.9662
0.6480,0.0000,0.0000,0.0001,0.6463,0.0015,200,1206.5877
0.5945,0.0000,0.0000,0.0001,0.5931,0.0013,200,1207.2356
0.6256,0.0000,0.0000,0.0000,0.6243,0.0013,200,1207.8301
0.6350,0.0000,0.0000,0.0001,0.6333,0.0017,200,1208.4557
0.6142,0.0000,0.0000,0.0001,0.6128,0.0013,200,1209.0907
0.6152,0.0000,0.0000,0.0000,0.6138,0.0013,200,1209.7049
0.6433,0.0000,0.0000,0.0000,0.6420,0.0012,200,1210.3201
0.6544,0.0000,0.0000,0.0001,0.6523,0.0020,200,1210.9635
0.6325,0.0000,0.0000,0.0001,0.6307,0.0017,200,1211.6179
0.6162,0.0000,0.0000,0.0001,0.6144,0.0017,200,1212.2504
0.6751,0.0000,0.0000,0.0001,0.6730,0.0019,200,1212.8666
0.6386,0.0000,0.0000,0.0001,0.6366,0.0018,200,1213.5418
0.6296,0.0000,0.0000,0.0001,0.6269,0.0026,200,1214.1803
0.6883,0.0000,0.0000,0.0001,0.6865,0.0017,200,1214.8099
0.6340,0.0000,0.0000,0.0001,0.6330,0.0008,200,1215.4983
0.6227,0.0000,0.0000,0.0001,0.6204,0.0021,200,1216.1322
0.6198,0.0000,0.0000,0.0001,0.6186,0.0010,200,1216.7549
0.6033,0.0000,0.0000,0.0001,0.6011,0.0020,200,1217.3747
0.6254,0.0000,0.0000,0.0001,0.6239,0.0013,200,1217.9780
0.6777,0.0000,0.0000,0.0001,0.6756,0.0020,200,1218.6034
0.6341,0.0000,0.0000,0.0001,0.6328,0.0011,200,1219.2811
0.6245,0.0000,0.0000,0.0001,0.6228,0.0015,200,1219.9153
0.6456,0.0000,0.0000,0.0001,0.6441,0.0014,200,1220.5398
0.6224,0.0000,0.0000,0.0001,0.6207,0.0015,200,1221.1853
0.6185,0.0000,0.0000,0.0001,0.6166,0.0017,200,1221.8077
0.6282,0.0000,0.0000,0.0001,0.6264,0.0017,200,1222.4262
0.6319,0.0000,0.0000,0.0001,0.6305,0.0012,200,1223.0544
0.6399,0.0000,0.0000,0.0001,0.6386,0.0012,200,1223.6864
0.6164,0.0000,0.0000,0.0000,0.6154,0.0010,200,1224.3263
0.6407,0.0000,0.0000,0.0000,0.6389,0.0018,200,1224.9427
0.6233,0.0000,0.0000,0.0000,0.6221,0.0011,200,1225.5834
0.6217,0.0000,0.0000,0.0000,0.6202,0.0015,200,1226.2066
0.6550,0.0000,0.0000,0.0001,0.6537,0.0012,200,1226.8284
0.6140,0.0000,0.0000,0.0000,0.6120,0.0019,200,1227.4833
0.6271,0.0000,0.0000,0.0001,0.6254,0.0016,200,1228.0973
0.6224,0.0000,0.0000,0.0004,0.6198,0.0021,200,1228.7244
0.6224,0.0000,0.0000,0.0001,0.6204,0.0020,200,1229.3468
0.6485,0.0000,0.0000,0.0001,0.6465,0.0019,200,1229.9693
0.6098,0.0000,0.0000,0.0001,0.6080,0.0017,200,1230.6178
0.6238,0.0000,0.0000,0.0001,0.6221,0.0016,200,1231.2276
0.6303,0.0000,0.0000,0.0001,0.6284,0.0018,200,1231.8514
0.6459,0.0000,0.0000,0.0001,0.6441,0.0016,200,1232.4817
0.6203,0.0000,0.0000,0.0001,0.6187,0.0014,200,1233.1276
0.6477,0.0000,0.0000,0.0000,0.6467,0.0009,200,1233.7479
0.6243,0.0000,0.0000,0.0000,0.6228,0.0015,200,1234.3956
0.6303,0.0000,0.0000,0.0001,0.6284,0.0017,200,1235.0199
0.6576,0.0000,0.0000,0.0001,0.6561,0.0014,200,1235.6502
0.6487,0.0000,0.0000,0.0001,0.6471,0.0015,200,1236.3078
0.6309,0.0000,0.0000,0.0001,0.6296,0.0012,200,1236.9566
0.6458,0.0000,0.0000,0.0001,0.6441,0.0016,200,1237.5875
0.6293,0.0000,0.0000,0.0001,0.6279,0.0014,200,1238.2333
0.6201,0.0000,0.0000,0.0001,0.6186,0.0014,200,1238.8626
0.6486,0.0000,0.0000,0.0001,0.6467,0.0018,200,1239.4828
0.6019,0.0000,0.0000,0.0000,0.6002,0.0016,200,1240.1314
0.6102,0.0000,0.0000,0.0001,0.6088,0.0013,200,1240.7333
0.6387,0.0000,0.0000,0.0001,0.6366,0.0019,200,1241.3435
0.6279,0.0000,0.0000,0.0001,0.6255,0.0023,200,1241.9822
0.6333,0.0000,0.0000,0.0001,0.6315,0.0017,200,1242.6101
0.6489,0.0000,0.0000,0.0001,0.6472,0.0015,200,1243.2434
0.6455,0.0000,0.0000,0.0001,0.6438,0.0015,200,1243.8923
0.6319,0.0000,0.0000,0.0001,0.6302,0.0016,200,1244.5377
0.6284,0.0000,0.0000,0.0001,0.6262,0.0020,200,1245.1697
0.6260,0.0000,0.0000,0.0001,0.6243,0.0016,200,1245.7981
0.6622,0.0000,0.0000,0.0002,0.6605,0.0015,200,1246.4241
0.6262,0.0000,0.0000,0.0001,0.6244,0.0016,200,1247.0863
0.6464,0.0000,0.0000,0.0001,0.6453,0.0010,200,1247.7125
0.6250,0.0000,0.0000,0.0000,0.6232,0.0017,200,1248.3589
0.6543,0.0000,0.0000,0.0001,0.6526,0.0015,200,1248.9839
0.6353,0.0000,0.0000,0.0001,0.6337,0.0015,200,1249.6382
0.6427,0.0000,0.0000,0.0001,0.6410,0.0015,200,1250.2735
0.6299,0.0000,0.0000,0.0001,0.6280,0.0017,200,1250.9162
0.6388,0.0000,0.0000,0.0001,0.6369,0.0017,200,1251.5460
0.6333,0.0000,0.0000,0.0001,0.6311,0.0021,200,1252.1848
0.6471,0.0000,0.0000,0.0001,0.6450,0.0020,200,1252.8182
0.6503,0.0000,0.0000,0.0001,0.6490,0.0012,200,1253.4653
0.6223,0.0000,0.0000,0.0001,0.6202,0.0020,200,1254.1156
0.6113,0.0000,0.0000,0.0001,0.6093,0.0018,200,1254.7379
0.6251,0.0000,0.0000,0.0000,0.6231,0.0019,200,1255.3492
0.6254,0.0000,0.0000,0.0001,0.6236,0.0017,200,1255.9743
0.6213,0.0000,0.0000,0.0001,0.6196,0.0015,200,1256.5998
0.6241,0.0000,0.0000,0.0001,0.6221,0.0019,200,1257.2210
0.6442,0.0000,0.0000,0.0001,0.6427,0.0014,200,1257.8451
0.6181,0.0000,0.0000,0.0001,0.6165,0.0015,200,1258.4894
0.6334,0.0000,0.0000,0.0001,0.6318,0.0015,200,1259.1075
0.6313,0.0000,0.0000,0.0001,0.6292,0.0019,200,1259.7409
0.6198,0.0000,0.0000,0.0001,0.6178,0.0019,200,1260.3722
0.6326,0.0000,0.0000,0.0001,0.6306,0.0018,200,1260.9920
0.6945,0.0000,0.0000,0.0001,0.6929,0.0014,200,1261.6246
0.6264,0.0000,0.0000,0.0002,0.6241,0.0020,200,1262.3191
0.6198,0.0000,0.0000,0.0001,0.6182,0.0015,200,1262.9454
0.6199,0.0000,0.0000,0.0001,0.6180,0.0018,200,1263.5653
0.6171,0.0000,0.0000,0.0001,0.6150,0.0020,200,1264.1852
0.6374,0.0000,0.0000,0.0001,0.6361,0.0012,200,1264.8023
0.6046,0.0000,0.0000,0.0001,0.6031,0.0014,200,1265.4397
0.6326,0.0000,0.0000,0.0001,0.6303,0.0021,200,1266.0443
0.6387,0.0000,0.0000,0.0001,0.6368,0.0018,200,1266.6770
0.6352,0.0000,0.0000,0.0001,0.6336,0.0015,200,1267.3157
0.6191,0.0000,0.0000,0.0001,0.6172,0.0018,200,1267.9509
0.6098,0.0000,0.0000,0.0001,0.6079,0.0018,200,1268.5700
0.6519,0.0000,0.0000,0.0001,0.6502,0.0016,200,1269.1798
0.6279,0.0000,0.0000,0.0001,0.6261,0.0017,200,1269.8318
0.6577,0.0000,0.0000,0.0001,0.6557,0.0019,200,1270.4596
0.6074,0.0000,0.0000,0.0001,0.6056,0.0018,200,1271.1173
0.6223,0.0000,0.0000,0.0001,0.6204,0.0016,200,1271.7248
0.6169,0.0000,0.0000,0.0000,0.6151,0.0017,200,1272.3471
0.6126,0.0000,0.0000,0.0001,0.6117,0.0009,200,1272.9641
0.6110,0.0000,0.0000,0.0001,0.6089,0.0018,200,1273.5767
0.6264,0.0000,0.0000,0.0001,0.6248,0.0015,200,1274.1877
0.6329,0.0000,0.0000,0.0001,0.6313,0.0014,200,1274.8141
0.6348,0.0000,0.0000,0.0001,0.6333,0.0014,200,1275.4470
0.6307,0.0000,0.0000,0.0001,0.6292,0.0014,200,1276.0818
0.6229,0.0000,0.0000,0.0001,0.6209,0.0017,200,1276.7126
0.6177,0.0000,0.0000,0.0001,0.6156,0.0020,200,1277.3355
0.6688,0.0000,0.0000,0.0001,0.6669,0.0017,200,1277.9532
0.6227,0.0000,0.0000,0.0001,0.6205,0.0021,200,1278.6220
0.6430,0.0000,0.0000,0.0000,0.6413,0.0016,200,1279.2447
0.6448,0.0000,0.0000,0.0001,0.6437,0.0010,200,1279.8877
0.6196,0.0000,0.0000,0.0000,0.6179,0.0015,200,1280.5325
0.6169,0.0000,0.0000,0.0001,0.6148,0.0020,200,1281.1522
0.6251,0.0000,0.0000,0.0001,0.6232,0.0018,200,1281.7691
0.6247,0.0000,0.0000,0.0001,0.6228,0.0017,200,1282.3942
0.6934,0.0000,0.0000,0.0001,0.6920,0.0012,200,1283.0189
0.6279,0.0000,0.0000,0.0001,0.6262,0.0016,200,1283.7123
0.6162,0.0000,0.0000,0.0001,0.6149,0.0011,200,1284.3402
0.6431,0.0000,0.0000,0.0001,0.6410,0.0018,200,1284.9564
0.6596,0.0000,0.0000,0.0001,0.6580,0.0014,200,1285.5995
0.6206,0.0000,0.0000,0.0001,0.6196,0.0008,200,1286.2591
0.6248,0.0000,0.0000,0.0001,0.6233,0.0014,200,1286.8797
0.6085,0.0000,0.0000,0.0000,0.6068,0.0017,200,1287.5045
0.6152,0.0000,0.0000,0.0001,0.6138,0.0013,200,1288.1130
0.6057,0.0000,0.0000,0.0001,0.6048,0.0007,200,1288.7282
0.6197,0.0000,0.0000,0.0000,0.6177,0.0020,200,1289.3339
0.6082,0.0000,0.0000,0.0001,0.6062,0.0018,200,1289.9536
0.6267,0.0000,0.0000,0.0001,0.6250,0.0016,200,1290.5618
0.6727,0.0000,0.0000,0.0001,0.6706,0.0018,200,1291.1885
0.6091,0.0000,0.0000,0.0001,0.6074,0.0015,200,1291.8612
0.6767,0.0000,0.0000,0.0001,0.6750,0.0016,200,1292.4703
0.6046,0.0000,0.0000,0.0001,0.6036,0.0008,200,1293.1471
0.6288,0.0000,0.0000,0.0001,0.6268,0.0019,200,1293.7517
0.6220,0.0000,0.0000,0.0002,0.6203,0.0015,200,1294.3805
0.6710,0.0000,0.0000,0.0001,0.6692,0.0016,200,1295.0025
0.6263,0.0000,0.0000,0.0001,0.6245,0.0017,200,1295.6735
0.6258,0.0000,0.0000,0.0001,0.6236,0.0021,200,1296.2999
0.6245,0.0000,0.0000,0.0001,0.6223,0.0020,200,1296.9257
0.6157,0.0000,0.0000,0.0001,0.6135,0.0021,200,1297.5502
0.6372,0.0000,0.0000,0.0000,0.6357,0.0015,200,1298.1658
0.6310,0.0000,0.0000,0.0001,0.6300,0.0009,200,1298.8031
0.6090,0.0000,0.0000,0.0001,0.6077,0.0012,200,1299.4341
0.6070,0.0000,0.0000,0.0000,0.6051,0.0017,200,1300.0431
0.6124,0.0000,0.0000,0.0001,0.6107,0.0016,200,1300.6501
0.6468,0.0000,0.0000,0.0001,0.6453,0.0013,200,1301.2625
0.6491,0.0000,0.0000,0.0000,0.6474,0.0016,200,1301.9093
0.6428,0.0000,0.0000,0.0001,0.6411,0.0016,200,1302.5584
0.6389,0.0000,0.0000,0.0001,0.6378,0.0009,200,1303.2012
0.6394,0.0000,0.0000,0.0000,0.6380,0.0014,200,1303.8401
0.6153,0.0000,0.0000,0.0001,0.6128,0.0024,200,1304.4795
0.6354,0.0000,0.0000,0.0001,0.6333,0.0019,200,1305.0948
0.6217,0.0000,0.0000,0.0001,0.6197,0.0018,200,1305.7302
0.6269,0.0000,0.0000,0.0001,0.6251,0.0017,200,1306.3518
0.6478,0.0000,0.0000,0.0001,0.6462,0.0015,200,1306.9787
0.6261,0.0000,0.0000,0.0001,0.6238,0.0021,200,1307.6265
0.6084,0.0000,0.0000,0.0001,0.6063,0.0019,200,1308.2526
0.6287,0.0000,0.0000,0.0001,0.6266,0.0020,200,1308.8610
0.6131,0.0000,0.0000,0.0001,0.6121,0.0008,200,1309.4897
0.6133,0.0000,0.0000,0.0000,0.6120,0.0013,200,1310.1028
0.6321,0.0000,0.0000,0.0001,0.6299,0.0021,200,1310.7161
0.6565,0.0000,0.0000,0.0001,0.6539,0.0024,200,1311.3482
0.6382,0.0000,0.0000,0.0001,0.6361,0.0018,200,1312.0046
0.6373,0.0000,0.0000,0.0001,0.6355,0.0016,200,1312.6428
0.6209,0.0000,0.0000,0.0001,0.6192,0.0017,200,1313.2801
0.6336,0.0000,0.0000,0.0001,0.6318,0.0017,200,1313.9011
0.6093,0.0000,0.0000,0.0001,0.6077,0.0015,200,1314.5347
0.6126,0.0000,0.0000,0.0001,0.6107,0.0017,200,1315.1440
0.6436,0.0000,0.0000,0.0002,0.6418,0.0015,200,1315.7566
0.6409,0.0000,0.0000,0.0001,0.6390,0.0019,200,1316.4002
0.6397,0.0000,0.0000,0.0001,0.6378,0.0018,200,1317.0411
0.6369,0.0000,0.0000,0.0001,0.6351,0.0017,200,1317.6808
0.6103,0.0000,0.0000,0.0001,0.6085,0.0017,200,1318.3177
0.6169,0.0000,0.0000,0.0001,0.6153,0.0014,200,1318.9281
0.6167,0.0000,0.0000,0.0001,0.6151,0.0015,200,1319.5450
0.6226,0.0000,0.0000,0.0000,0.6210,0.0015,200,1320.1617
0.6191,0.0000,0.0000,0.0000,0.6175,0.0016,200,1320.7843
0.6787,0.0000,0.0000,0.0001,0.6769,0.0015,200,1321.4034
0.6235,0.0000,0.0000,0.0001,0.6217,0.0017,200,1322.0821
0.6402,0.0000,0.0000,0.0001,0.6385,0.0016,200,1322.7057
0.6237,0.0000,0.0000,0.0001,0.6222,0.0013,200,1323.3459
0.6136,0.0000,0.0000,0.0001,0.6123,0.0012,200,1323.9696
0.6185,0.0000,0.0000,0.0000,0.6176,0.0008,200,1324.5832
0.6270,0.0000,0.0000,0.0001,0.6253,0.0015,200,1325.2017
0.6127,0.0000,0.0000,0.0001,0.6109,0.0017,200,1325.8287
0.6338,0.0000,0.0000,0.0001,0.6322,0.0016,200,1326.4414
0.7204,0.0000,0.0000,0.0001,0.7191,0.0012,200,1327.0752
0.6194,0.0000,0.0000,0.0000,0.6153,0.0039,200,1327.7956
0.6267,0.0000,0.0000,0.0001,0.6249,0.0017,200,1328.4150
0.6159,0.0000,0.0000,0.0001,0.6141,0.0016,200,1329.0417
0.6234,0.0000,0.0000,0.0001,0.6223,0.0010,200,1329.6576
0.6451,0.0000,0.0000,0.0000,0.6438,0.0013,200,1330.2810
0.6126,0.0000,0.0000,0.0001,0.6110,0.0014,200,1330.9261
0.6363,0.0000,0.0000,0.0001,0.6347,0.0015,200,1331.5387
0.6262,0.0000,0.0000,0.0001,0.6244,0.0017,200,1332.1750
0.6767,0.0000,0.0000,0.0001,0.6747,0.0019,200,1332.8013
0.6914,0.0000,0.0000,0.0001,0.6904,0.0009,200,1333.4780
0.6491,0.0000,0.0000,0.0000,0.6477,0.0013,200,1334.1694
0.6357,0.0000,0.0000,0.0001,0.6338,0.0017,200,1334.8185
0.6737,0.0000,0.0000,0.0001,0.6719,0.0017,200,1335.4542
0.6130,0.0000,0.0000,0.0001,0.6115,0.0014,200,1336.1279
0.6377,0.0000,0.0000,0.0001,0.6360,0.0016,200,1336.7409
0.6411,0.0000,0.0000,0.0001,0.6395,0.0014,200,1337.3785
0.6259,0.0000,0.0000,0.0001,0.6237,0.0020,200,1338.0196
0.6300,0.0000,0.0000,0.0001,0.6281,0.0017,200,1338.6455
0.6123,0.0000,0.0000,0.0001,0.6105,0.0017,200,1339.2754
0.6175,0.0000,0.0000,0.0001,0.6165,0.0009,200,1339.8877
0.6475,0.0000,0.0000,0.0000,0.6462,0.0012,200,1340.5052
0.6278,0.0000,0.0000,0.0001,0.6269,0.0007,200,1341.1527
0.6189,0.0000,0.0000,0.0002,0.6172,0.0015,200,1341.7805
0.6145,0.0000,0.0000,0.0001,0.6129,0.0014,200,1342.3995
0.6154,0.0000,0.0000,0.0001,0.6135,0.0018,200,1343.0139
0.6526,0.0000,0.0000,0.0001,0.6507,0.0019,200,1343.6293
0.6120,0.0000,0.0000,0.0001,0.6102,0.0018,200,1344.2819
0.6488,0.0000,0.0000,0.0001,0.6473,0.0014,200,1344.8940
0.6310,0.0000,0.0000,0.0001,0.6295,0.0014,200,1345.5428
0.6043,0.0000,0.0000,0.0001,0.6034,0.0007,200,1346.1738
0.6032,0.0000,0.0000,0.0000,0.6019,0.0012,200,1346.7781
0.6658,0.0000,0.0000,0.0001,0.6642,0.0015,200,1347.3814
0.6184,0.0000,0.0000,0.0001,0.6163,0.0018,200,1348.0472
0.6423,0.0000,0.0000,0.0001,0.6405,0.0017,200,1348.6656
0.6365,0.0000,0.0000,0.0001,0.6350,0.0014,200,1349.3079
0.6394,0.0000,0.0000,0.0001,0.6382,0.0010,200,1349.9444
0.5984,0.0000,0.0000,0.0001,0.5970,0.0014,200,1350.5838
0.6020,0.0000,0.0000,0.0001,0.6005,0.0015,200,1351.1823
0.6148,0.0000,0.0000,0.0001,0.6126,0.0020,200,1351.7843
0.6247,0.0000,0.0000,0.0000,0.6230,0.0016,200,1352.3991
0.6629,0.0000,0.0000,0.0001,0.6607,0.0021,200,1353.0238
0.6404,0.0000,0.0000,0.0001,0.6388,0.0015,200,1353.6867
0.6250,0.0000,0.0000,0.0001,0.6234,0.0015,200,1354.3271
0.6106,0.0000,0.0000,0.0001,0.6081,0.0024,200,1354.9521
0.6092,0.0000,0.0000,0.0001,0.6076,0.0015,200,1355.5627
0.7016,0.0000,0.0000,0.0001,0.7002,0.0013,200,1356.1718
0.6132,0.0000,0.0000,0.0001,0.6113,0.0017,200,1356.8734
0.6218,0.0000,0.0000,0.0001,0.6197,0.0020,200,1357.4866
0.6695,0.0000,0.0000,0.0001,0.6674,0.0020,200,1358.1084
0.6385,0.0000,0.0000,0.0001,0.6368,0.0016,200,1358.7779
0.6667,0.0000,0.0000,0.0001,0.6645,0.0018,200,1359.4164
0.6712,0.0000,0.0000,0.0001,0.6697,0.0013,200,1360.0831
0.6113,0.0000,0.0000,0.0001,0.6095,0.0017,200,1360.7544
0.6458,0.0000,0.0000,0.0001,0.6438,0.0018,200,1361.3657
1.0275,0.0000,0.0000,0.0001,1.0261,0.0013,200,1362.0115
0.6673,0.0000,0.0000,0.0001,0.6656,0.0016,200,1363.0390
0.6341,0.0000,0.0000,0.0001,0.6323,0.0017,200,1363.7063
0.6268,0.0000,0.0000,0.0002,0.6243,0.0023,200,1364.3404
0.6283,0.0000,0.0000,0.0001,0.6266,0.0015,200,1364.9672
0.6201,0.0000,0.0000,0.0001,0.6185,0.0015,200,1365.5955
0.6359,0.0000,0.0000,0.0000,0.6350,0.0008,200,1366.2156
0.6572,0.0000,0.0000,0.0000,0.6554,0.0017,200,1366.8515
0.6278,0.0000,0.0000,0.0001,0.6260,0.0017,200,1367.5087
0.6248,0.0000,0.0000,0.0002,0.6230,0.0016,200,1368.1365
0.6328,0.0000,0.0000,0.0001,0.6311,0.0015,200,1368.7614
0.6386,0.0000,0.0000,0.0001,0.6365,0.0020,200,1369.3942
0.6232,0.0000,0.0000,0.0001,0.6217,0.0013,200,1370.0328
0.6158,0.0000,0.0000,0.0001,0.6147,0.0010,200,1370.6559
0.6471,0.0000,0.0000,0.0000,0.6456,0.0014,200,1371.2718
0.6488,0.0000,0.0000,0.0001,0.6469,0.0018,200,1371.9189
0.6147,0.0000,0.0000,0.0001,0.6131,0.0015,200,1372.5677
0.6159,0.0000,0.0000,0.0002,0.6142,0.0015,200,1373.1825
0.6141,0.0000,0.0000,0.0001,0.6138,0.0002,200,1373.7984
0.6551,0.0000,0.0000,0.0000,0.6533,0.0017,200,1374.4125
0.5953,0.0000,0.0000,0.0001,0.5936,0.0015,200,1375.0676
0.6274,0.0000,0.0000,0.0001,0.6255,0.0018,200,1375.6629
0.6866,0.0000,0.0000,0.0001,0.6848,0.0017,200,1376.2903
0.6846,0.0000,0.0000,0.0001,0.6830,0.0015,200,1376.9769
0.6362,0.0000,0.0000,0.0001,0.6340,0.0021,200,1377.6615
0.6282,0.0000,0.0000,0.0000,0.6261,0.0020,200,1378.2977
0.6356,0.0000,0.0000,0.0001,0.6336,0.0019,200,1378.9259
0.6204,0.0000,0.0000,0.0001,0.6185,0.0018,200,1379.5615
0.6026,0.0000,0.0000,0.0001,0.6008,0.0016,200,1380.1820
0.6104,0.0000,0.0000,0.0001,0.6087,0.0015,200,1380.7845
0.6321,0.0000,0.0000,0.0001,0.6305,0.0015,200,1381.3949
0.6596,0.0000,0.0000,0.0001,0.6580,0.0015,200,1382.0271
0.6337,0.0000,0.0000,0.0001,0.6319,0.0016,200,1382.6867
0.5998,0.0000,0.0000,0.0001,0.5981,0.0015,200,1383.3204
0.6129,0.0000,0.0000,0.0001,0.6110,0.0018,200,1383.9202
0.6429,0.0000,0.0000,0.0001,0.6415,0.0013,200,1384.5331
0.6223,0.0000,0.0000,0.0001,0.6205,0.0016,200,1385.1760
0.6255,0.0000,0.0000,0.0001,0.6240,0.0014,200,1385.7982
0.6328,0.0000,0.0000,0.0001,0.6307,0.0020,200,1386.4237
0.6450,0.0000,0.0000,0.0000,0.6429,0.0020,200,1387.0566
0.6318,0.0000,0.0000,0.0000,0.6302,0.0015,200,1387.7016
0.6211,0.0000,0.0000,0.0001,0.6190,0.0020,200,1388.3334
0.6250,0.0000,0.0000,0.0001,0.6235,0.0014,200,1388.9545
0.6152,0.0000,0.0000,0.0001,0.6136,0.0015,200,1389.5795
0.6290,0.0000,0.0000,0.0001,0.6274,0.0015,200,1390.1948
0.6371,0.0000,0.0000,0.0001,0.6353,0.0016,200,1390.8238
0.6171,0.0000,0.0000,0.0001,0.6153,0.0017,200,1391.4608
0.6308,0.0000,0.0000,0.0000,0.6292,0.0015,200,1392.0779
0.6204,0.0000,0.0000,0.0001,0.6186,0.0017,200,1392.7087
0.6128,0.0000,0.0000,0.0001,0.6115,0.0009,200,1393.3291
0.6888,0.0000,0.0000,0.0001,0.6873,0.0014,200,1393.9419
0.6355,0.0000,0.0000,0.0001,0.6339,0.0015,200,1394.6307
0.6307,0.0000,0.0000,0.0001,0.6288,0.0017,200,1395.2662
0.6224,0.0000,0.0000,0.0001,0.6208,0.0015,200,1395.8970
0.6256,0.0000,0.0000,0.0001,0.6240,0.0015,200,1396.5194
0.6357,0.0000,0.0000,0.0001,0.6341,0.0016,200,1397.1450
0.6211,0.0000,0.0000,0.0001,0.6193,0.0016,200,1397.7808
0.6242,0.0000,0.0000,0.0001,0.6222,0.0019,200,1398.4019
0.6254,0.0000,0.0000,0.0001,0.6234,0.0019,200,1399.0261
0.6448,0.0000,0.0000,0.0001,0.6428,0.0016,200,1399.6515
0.6707,0.0000,0.0000,0.0001,0.6694,0.0012,200,1400.2963
0.6044,0.0000,0.0000,0.0001,0.6029,0.0014,200,1400.9671
0.6788,0.0000,0.0000,0.0001,0.6774,0.0013,200,1401.5715
0.6242,0.0000,0.0000,0.0001,0.6218,0.0023,200,1402.2504
0.6048,0.0000,0.0000,0.0002,0.6027,0.0018,200,1402.8745
0.6269,0.0000,0.0000,0.0001,0.6254,0.0014,200,1403.4793
0.6200,0.0000,0.0000,0.0001,0.6179,0.0020,200,1404.1063
0.6417,0.0000,0.0000,0.0000,0.6395,0.0021,200,1404.7263
0.6348,0.0000,0.0000,0.0001,0.6331,0.0015,200,1405.3680
0.6150,0.0000,0.0000,0.0001,0.6128,0.0019,200,1406.0028
0.6178,0.0000,0.0000,0.0001,0.6162,0.0015,200,1406.6178
0.6282,0.0000,0.0000,0.0001,0.6264,0.0018,200,1407.2356
0.6564,0.0000,0.0000,0.0001,0.6547,0.0016,200,1407.8638
0.6107,0.0000,0.0000,0.0001,0.6089,0.0017,200,1408.5202
0.6487,0.0000,0.0000,0.0001,0.6468,0.0017,200,1409.1309
0.6482,0.0000,0.0000,0.0001,0.6464,0.0018,200,1409.7797
0.6135,0.0000,0.0000,0.0000,0.6117,0.0017,200,1410.4279
0.6305,0.0000,0.0000,0.0001,0.6285,0.0019,200,1411.0414
0.6244,0.0000,0.0000,0.0001,0.6231,0.0010,200,1411.6719
0.6217,0.0000,0.0000,0.0000,0.6204,0.0012,200,1412.2963
0.6253,0.0000,0.0000,0.0001,0.6234,0.0017,200,1412.9180
0.6218,0.0000,0.0000,0.0001,0.6200,0.0017,200,1413.5433
0.6366,0.0000,0.0000,0.0001,0.6350,0.0015,200,1414.1651
0.6387,0.0000,0.0000,0.0001,0.6365,0.0020,200,1414.8017
0.6839,0.0000,0.0000,0.0001,0.6819,0.0016,200,1415.4404
0.6237,0.0000,0.0000,0.0001,0.6219,0.0017,200,1416.1243
0.6404,0.0000,0.0000,0.0001,0.6388,0.0016,200,1416.7480
0.6334,0.0000,0.0000,0.0001,0.6316,0.0017,200,1417.3884
0.6066,0.0000,0.0000,0.0001,0.6048,0.0016,200,1418.0219
0.6224,0.0000,0.0000,0.0001,0.6205,0.0018,200,1418.6284
0.6204,0.0000,0.0000,0.0001,0.6191,0.0012,200,1419.2508
0.6139,0.0000,0.0000,0.0001,0.6129,0.0009,200,1419.8712
0.6291,0.0000,0.0000,0.0000,0.6277,0.0014,200,1420.4851
0.6173,0.0000,0.0000,0.0001,0.6158,0.0014,200,1421.1142
0.6181,0.0000,0.0000,0.0001,0.6157,0.0020,200,1421.7315
0.6434,0.0000,0.0000,0.0001,0.6414,0.0018,200,1422.3496
0.6100,0.0000,0.0000,0.0001,0.6086,0.0012,200,1422.9930
0.6179,0.0000,0.0000,0.0001,0.6162,0.0016,200,1423.6031
0.6223,0.0000,0.0000,0.0001,0.6198,0.0023,200,1424.2210
0.6404,0.0000,0.0000,0.0006,0.6386,0.0011,200,1424.8432
0.6275,0.0000,0.0000,0.0000,0.6256,0.0018,200,1425.4836
0.6277,0.0000,0.0000,0.0001,0.6264,0.0013,200,1426.1111
0.6564,0.0000,0.0000,0.0001,0.6542,0.0020,200,1426.7389
0.6679,0.0000,0.0000,0.0001,0.6661,0.0017,200,1427.3953
0.6305,0.0000,0.0000,0.0001,0.6284,0.0020,200,1428.0632
0.6402,0.0000,0.0000,0.0001,0.6395,0.0005,200,1428.6937
0.6168,0.0000,0.0000,0.0001,0.6141,0.0026,200,1429.3338
0.6519,0.0000,0.0000,0.0001,0.6499,0.0018,200,1429.9506
0.6613,0.0000,0.0000,0.0001,0.6597,0.0015,200,1430.6025
0.6224,0.0000,0.0000,0.0001,0.6211,0.0012,200,1431.2638
0.6335,0.0000,0.0000,0.0001,0.6317,0.0017,200,1431.8862
0.6075,0.0000,0.0000,0.0004,0.6051,0.0017,200,1432.5198
0.6446,0.0000,0.0000,0.0001,0.6429,0.0016,200,1433.1273
0.6299,0.0000,0.0000,0.0001,0.6283,0.0015,200,1433.7719
0.6186,0.0000,0.0000,0.0001,0.6167,0.0018,200,1434.4018
0.6294,0.0000,0.0000,0.0001,0.6279,0.0014,200,1435.0204
0.6203,0.0000,0.0000,0.0000,0.6192,0.0010,200,1435.6497
0.6394,0.0000,0.0000,0.0001,0.6374,0.0018,200,1436.2700
0.6296,0.0000,0.0000,0.0001,0.6277,0.0016,200,1436.9094
0.6530,0.0000,0.0000,0.0001,0.6513,0.0017,200,1437.5390
0.6059,0.0000,0.0000,0.0001,0.6044,0.0014,200,1438.1920
0.6417,0.0000,0.0000,0.0001,0.6399,0.0017,200,1438.7980
0.6249,0.0000,0.0000,0.0001,0.6226,0.0021,200,1439.4397
0.6176,0.0000,0.0000,0.0001,0.6161,0.0014,200,1440.0646
0.6235,0.0000,0.0000,0.0001,0.6216,0.0016,200,1440.6822
0.6294,0.0000,0.0000,0.0001,0.6269,0.0023,200,1441.3057
0.6385,0.0000,0.0000,0.0001,0.6366,0.0018,200,1441.9351
0.6335,0.0000,0.0000,0.0001,0.6320,0.0014,200,1442.5736
0.6274,0.0000,0.0000,0.0001,0.6260,0.0012,200,1443.2071
0.6244,0.0000,0.0000,0.0001,0.6228,0.0015,200,1443.8345
0.6298,0.0000,0.0000,0.0001,0.6281,0.0016,200,1444.4589
0.6254,0.0000,0.0000,0.0001,0.6247,0.0006,200,1445.0887
0.6191,0.0000,0.0000,0.0000,0.6174,0.0017,200,1445.7141
0.6411,0.0000,0.0000,0.0001,0.6392,0.0018,200,1446.3332
0.6219,0.0000,0.0000,0.0000,0.6205,0.0013,200,1446.9744
0.6265,0.0000,0.0000,0.0001,0.6255,0.0009,200,1447.5963
0.6253,0.0000,0.0000,0.0000,0.6237,0.0015,200,1448.2228
0.6086,0.0000,0.0000,0.0001,0.6071,0.0013,200,1448.8481
0.6529,0.0000,0.0000,0.0000,0.6464,0.0064,200,1449.4567
0.6365,0.0000,0.0000,0.0001,0.6342,0.0022,200,1450.1095
0.6303,0.0000,0.0000,0.0001,0.6288,0.0014,200,1450.7460
0.6254,0.0000,0.0000,0.0001,0.6237,0.0016,200,1451.3764
0.6287,0.0000,0.0000,0.0001,0.6269,0.0016,200,1452.0018
0.6270,0.0000,0.0000,0.0001,0.6248,0.0021,200,1452.6304
0.6369,0.0000,0.0000,0.0001,0.6348,0.0019,200,1453.2574
0.6275,0.0000,0.0000,0.0001,0.6256,0.0018,200,1453.8943
0.6144,0.0000,0.0000,0.0001,0.6128,0.0015,200,1454.5218
0.6245,0.0000,0.0000,0.0001,0.6232,0.0012,200,1455.1363
0.6197,0.0000,0.0000,0.0000,0.6175,0.0021,200,1455.7607
0.7045,0.0000,0.0000,0.0001,0.7026,0.0017,200,1456.3804
0.6516,0.0000,0.0000,0.0001,0.6500,0.0015,200,1457.0849
0.6312,0.0000,0.0000,0.0001,0.6295,0.0015,200,1457.7365
0.6275,0.0000,0.0000,0.0001,0.6254,0.0019,200,1458.3677
0.6477,0.0000,0.0000,0.0001,0.6464,0.0011,200,1458.9952
0.6412,0.0000,0.0000,0.0001,0.6393,0.0017,200,1459.6429
0.6149,0.0000,0.0000,0.0002,0.6132,0.0015,200,1460.2841
0.6349,0.0000,0.0000,0.0001,0.6329,0.0018,200,1460.8990
0.6135,0.0000,0.0000,0.0001,0.6113,0.0021,200,1461.5339
0.6590,0.0000,0.0000,0.0001,0.6569,0.0019,200,1462.1474
0.6221,0.0000,0.0000,0.0001,0.6204,0.0016,200,1462.8064
0.6125,0.0000,0.0000,0.0001,0.6104,0.0018,200,1463.4285
0.8828,0.0000,0.0000,0.0001,0.8809,0.0017,200,1464.0410
0.6222,0.0000,0.0000,0.0001,0.6202,0.0018,200,1464.9238
0.6333,0.0000,0.0000,0.0001,0.6316,0.0016,200,1465.5460
0.6473,0.0000,0.0000,0.0001,0.6460,0.0012,200,1466.1793
0.6602,0.0000,0.0000,0.0000,0.6585,0.0017,200,1466.8266
0.6291,0.0000,0.0000,0.0001,0.6272,0.0018,200,1467.4868
0.6193,0.0000,0.0000,0.0001,0.6176,0.0016,200,1468.1159
0.6158,0.0000,0.0000,0.0001,0.6142,0.0014,200,1468.7352
0.6174,0.0000,0.0000,0.0001,0.6155,0.0018,200,1469.3509
0.6221,0.0000,0.0000,0.0001,0.6202,0.0017,200,1469.9683
0.6351,0.0000,0.0000,0.0001,0.6333,0.0017,200,1470.5904
0.6359,0.0000,0.0000,0.0001,0.6338,0.0019,200,1471.2256
0.6084,0.0000,0.0000,0.0000,0.6064,0.0019,200,1471.8614
0.6159,0.0000,0.0000,0.0001,0.6140,0.0017,200,1472.4698
0.6688,0.0000,0.0000,0.0001,0.6670,0.0017,200,1473.0857
0.6126,0.0000,0.0000,0.0000,0.6108,0.0017,200,1473.7545
0.6185,0.0000,0.0000,0.0001,0.6166,0.0017,200,1474.3671
0.6367,0.0000,0.0000,0.0001,0.6354,0.0012,200,1474.9856
0.5984,0.0000,0.0000,0.0001,0.5971,0.0012,200,1475.6223
0.6393,0.0000,0.0000,0.0001,0.6373,0.0018,200,1476.2207
0.6616,0.0000,0.0000,0.0001,0.6600,0.0015,200,1476.8600
0.6378,0.0000,0.0000,0.0001,0.6362,0.0015,200,1477.5216
0.6480,0.0000,0.0000,0.0001,0.6461,0.0018,200,1478.1595
0.6386,0.0000,0.0000,0.0001,0.6366,0.0018,200,1478.8075
0.6203,0.0000,0.0000,0.0001,0.6181,0.0021,200,1479.4461
0.6065,0.0000,0.0000,0.0001,0.6047,0.0016,200,1480.0664
0.6219,0.0000,0.0000,0.0001,0.6202,0.0016,200,1480.6729
0.6438,0.0000,0.0000,0.0001,0.6429,0.0008,200,1481.2948
0.6319,0.0000,0.0000,0.0001,0.6298,0.0020,200,1481.9387
0.6457,0.0000,0.0000,0.0001,0.6436,0.0018,200,1482.5706
0.6618,0.0000,0.0000,0.0001,0.6595,0.0021,200,1483.2163
0.6821,0.0000,0.0000,0.0001,0.6804,0.0016,200,1483.8781
0.6415,0.0000,0.0000,0.0001,0.6391,0.0022,200,1484.5602
0.6506,0.0000,0.0000,0.0001,0.6493,0.0012,200,1485.2017
0.6295,0.0000,0.0000,0.0000,0.6273,0.0022,200,1485.8523
0.6264,0.0000,0.0000,0.0001,0.6246,0.0016,200,1486.4818
0.6822,0.0000,0.0000,0.0001,0.6812,0.0008,200,1487.1081
0.6179,0.0000,0.0000,0.0001,0.6167,0.0011,200,1487.7904
0.6134,0.0000,0.0000,0.0000,0.6115,0.0018,200,1488.4083
0.6210,0.0000,0.0000,0.0001,0.6191,0.0019,200,1489.0217
0.6116,0.0000,0.0000,0.0001,0.6096,0.0018,200,1489.6428
0.6370,0.0000,0.0000,0.0001,0.6356,0.0013,200,1490.2543
0.6279,0.0000,0.0000,0.0001,0.6265,0.0014,200,1490.8913
0.6183,0.0000,0.0000,0.0001,0.6163,0.0019,200,1491.5193
0.6177,0.0000,0.0000,0.0001,0.6162,0.0014,200,1492.1376
0.6735,0.0000,0.0000,0.0001,0.6714,0.0020,200,1492.7553
0.6138,0.0000,0.0000,0.0001,0.6128,0.0008,200,1493.4288
0.6169,0.0000,0.0000,0.0001,0.6151,0.0016,200,1494.0426
0.6421,0.0000,0.0000,0.0001,0.6402,0.0017,200,1494.6595
0.6075,0.0000,0.0000,0.0001,0.6063,0.0010,200,1495.3015
0.6135,0.0000,0.0000,0.0000,0.6119,0.0016,200,1495.9091
0.6318,0.0000,0.0000,0.0001,0.6303,0.0014,200,1496.5226
0.6312,0.0000,0.0000,0.0001,0.6292,0.0019,200,1497.1543
0.6107,0.0000,0.0000,0.0001,0.6094,0.0013,200,1497.7856
0.6253,0.0000,0.0000,0.0001,0.6233,0.0018,200,1498.3963
0.6633,0.0000,0.0000,0.0001,0.6616,0.0016,200,1499.0215
0.6290,0.0000,0.0000,0.0001,0.6272,0.0017,200,1499.6849
0.6196,0.0000,0.0000,0.0001,0.6179,0.0015,200,1500.3139
0.7058,0.0000,0.0000,0.0001,0.7040,0.0017,200,1500.9335
0.6989,0.0000,0.0000,0.0001,0.6972,0.0016,200,1501.6393
0.7580,0.0000,0.0000,0.0001,0.7566,0.0013,200,1502.3382
0.6388,0.0000,0.0000,0.0001,0.6365,0.0022,200,1503.0962
0.6377,0.0000,0.0000,0.0001,0.6359,0.0017,200,1503.7351
0.6247,0.0000,0.0000,0.0001,0.6229,0.0017,200,1504.3727
0.6237,0.0000,0.0000,0.0001,0.6218,0.0018,200,1504.9975
0.6100,0.0000,0.0000,0.0001,0.6092,0.0007,200,1505.6212
0.6050,0.0000,0.0000,0.0000,0.6035,0.0015,200,1506.2313
0.6187,0.0000,0.0000,0.0001,0.6169,0.0016,200,1506.8362
0.6637,0.0000,0.0000,0.0001,0.6617,0.0018,200,1507.4550
0.6361,0.0000,0.0000,0.0001,0.6341,0.0019,200,1508.1186
0.6375,0.0000,0.0000,0.0002,0.6355,0.0017,200,1508.7547
0.6533,0.0000,0.0000,0.0001,0.6514,0.0018,200,1509.3922
0.6414,0.0000,0.0000,0.0001,0.6397,0.0015,200,1510.0455
0.6142,0.0000,0.0000,0.0001,0.6122,0.0018,200,1510.6869
0.6569,0.0000,0.0000,0.0001,0.6552,0.0016,200,1511.3011
0.6393,0.0000,0.0000,0.0001,0.6374,0.0018,200,1511.9580
0.6136,0.0000,0.0000,0.0001,0.6115,0.0019,200,1512.5973
0.6117,0.0000,0.0000,0.0001,0.6103,0.0013,200,1513.2109
0.6351,0.0000,0.0000,0.0000,0.6332,0.0018,200,1513.8225
0.6396,0.0000,0.0000,0.0001,0.6380,0.0013,200,1514.4576
0.6270,0.0000,0.0000,0.0001,0.6247,0.0022,200,1515.0972
0.6282,0.0000,0.0000,0.0001,0.6273,0.0009,200,1515.7242
0.6117,0.0000,0.0000,0.0000,0.6101,0.0015,200,1516.3524
0.6170,0.0000,0.0000,0.0001,0.6152,0.0017,200,1516.9641
0.6392,0.0000,0.0000,0.0001,0.6374,0.0017,200,1517.5812
0.6264,0.0000,0.0000,0.0001,0.6246,0.0017,200,1518.2204
0.6402,0.0000,0.0000,0.0001,0.6380,0.0021,200,1518.8468
0.8007,0.0000,0.0000,0.0001,0.7988,0.0018,200,1519.4870
0.6312,0.0000,0.0000,0.0001,0.6296,0.0015,200,1520.2877
0.6350,0.0000,0.0000,0.0001,0.6327,0.0022,200,1520.9189
0.6010,0.0000,0.0000,0.0001,0.5989,0.0019,200,1521.5539
0.6651,0.0000,0.0000,0.0001,0.6635,0.0015,200,1522.1548
0.6209,0.0000,0.0000,0.0001,0.6189,0.0019,200,1522.8200
0.6136,0.0000,0.0000,0.0002,0.6116,0.0018,200,1523.4409
0.6383,0.0000,0.0000,0.0001,0.6365,0.0016,200,1524.0546
0.6291,0.0000,0.0000,0.0001,0.6274,0.0015,200,1524.6929
0.6580,0.0000,0.0000,0.0001,0.6562,0.0016,200,1525.3220
0.6148,0.0000,0.0000,0.0001,0.6132,0.0015,200,1525.9800
0.6160,0.0000,0.0000,0.0001,0.6139,0.0019,200,1526.5949
0.6414,0.0000,0.0000,0.0001,0.6396,0.0016,200,1527.2108
0.6191,0.0000,0.0000,0.0001,0.6180,0.0010,200,1527.8522
0.6140,0.0000,0.0000,0.0001,0.6120,0.0019,200,1528.4713
0.6385,0.0000,0.0000,0.0001,0.6369,0.0016,200,1529.0853
0.6472,0.0000,0.0000,0.0001,0.6452,0.0018,200,1529.7239
0.6092,0.0000,0.0000,0.0001,0.6076,0.0015,200,1530.3710
0.6028,0.0000,0.0000,0.0001,0.6010,0.0017,200,1530.9802
0.6595,0.0000,0.0000,0.0001,0.6577,0.0017,200,1531.5831
0.6538,0.0000,0.0000,0.0001,0.6522,0.0015,200,1532.2426
0.6433,0.0000,0.0000,0.0002,0.6415,0.0015,200,1532.8965
0.6044,0.0000,0.0000,0.0001,0.6027,0.0016,200,1533.5398
0.6554,0.0000,0.0000,0.0001,0.6537,0.0016,200,1534.1442
0.6262,0.0000,0.0000,0.0001,0.6243,0.0018,200,1534.7996
0.6196,0.0000,0.0000,0.0001,0.6183,0.0012,200,1535.4258
0.6429,0.0000,0.0000,0.0000,0.6413,0.0016,200,1536.0454
0.6480,0.0000,0.0000,0.0001,0.6464,0.0014,200,1536.6884
0.6438,0.0000,0.0000,0.0001,0.6424,0.0013,200,1537.3363
0.6652,0.0000,0.0000,0.0001,0.6635,0.0017,200,1537.9802
0.6219,0.0000,0.0000,0.0001,0.6202,0.0015,200,1538.6454
0.6378,0.0000,0.0000,0.0001,0.6359,0.0018,200,1539.2673
0.6011,0.0000,0.0000,0.0001,0.5999,0.0010,200,1539.9051
0.6648,0.0000,0.0000,0.0000,0.6632,0.0016,200,1540.5062
0.6218,0.0000,0.0000,0.0001,0.6195,0.0020,200,1541.1710
0.6172,0.0000,0.0000,0.0001,0.6156,0.0015,200,1541.7928
0.6315,0.0000,0.0000,0.0001,0.6297,0.0016,200,1542.4100
0.6297,0.0000,0.0000,0.0001,0.6274,0.0022,200,1543.0415
0.6001,0.0000,0.0000,0.0002,0.5984,0.0015,200,1543.6712
0.6178,0.0000,0.0000,0.0001,0.6159,0.0018,200,1544.2713
0.6427,0.0000,0.0000,0.0001,0.6405,0.0020,200,1544.8891
0.6435,0.0000,0.0000,0.0001,0.6416,0.0014,200,1545.5318
0.6130,0.0000,0.0000,0.0001,0.6118,0.0012,200,1546.1753
0.6265,0.0000,0.0000,0.0001,0.6247,0.0017,200,1546.7883
0.6584,0.0000,0.0000,0.0001,0.6566,0.0017,200,1547.4148
0.6110,0.0000,0.0000,0.0001,0.6092,0.0017,200,1548.0733
0.6613,0.0000,0.0000,0.0001,0.6595,0.0017,200,1548.6843
0.6143,0.0000,0.0000,0.0001,0.6124,0.0017,200,1549.3456
0.6376,0.0000,0.0000,0.0001,0.6359,0.0016,200,1549.9599
0.6646,0.0000,0.0000,0.0001,0.6629,0.0016,200,1550.5975
0.6038,0.0000,0.0000,0.0000,0.6025,0.0012,200,1551.2622
0.6479,0.0000,0.0000,0.0000,0.6461,0.0017,200,1551.8660
0.6172,0.0000,0.0000,0.0001,0.6157,0.0014,200,1552.5139
0.6246,0.0000,0.0000,0.0001,0.6217,0.0023,200,1553.1312
0.6375,0.0000,0.0000,0.0002,0.6353,0.0020,200,1553.7558
0.6202,0.0000,0.0000,0.0001,0.6185,0.0017,200,1554.3934
0.6514,0.0000,0.0000,0.0000,0.6496,0.0017,200,1555.0136
0.6125,0.0000,0.0000,0.0001,0.6106,0.0018,200,1555.6651
0.6320,0.0000,0.0000,0.0001,0.6304,0.0014,200,1556.2776
0.6437,0.0000,0.0000,0.0001,0.6417,0.0019,200,1556.9095
0.6278,0.0000,0.0000,0.0001,0.6260,0.0017,200,1557.5532
0.6328,0.0000,0.0000,0.0001,0.6313,0.0014,200,1558.1810
0.6245,0.0000,0.0000,0.0000,0.6234,0.0011,200,1558.8139
0.6103,0.0000,0.0000,0.0001,0.6086,0.0017,200,1559.4384
0.6253,0.0000,0.0000,0.0001,0.6242,0.0010,200,1560.0488
0.6218,0.0000,0.0000,0.0001,0.6199,0.0018,200,1560.6741
0.6454,0.0000,0.0000,0.0001,0.6432,0.0021,200,1561.2959
0.6421,0.0000,0.0000,0.0001,0.6404,0.0016,200,1561.9414
0.6207,0.0000,0.0000,0.0001,0.6183,0.0023,200,1562.5835
0.6493,0.0000,0.0000,0.0001,0.6475,0.0017,200,1563.2042
0.6270,0.0000,0.0000,0.0000,0.6256,0.0013,200,1563.8534
0.6302,0.0000,0.0000,0.0002,0.6286,0.0013,200,1564.4804
0.6162,0.0000,0.0000,0.0001,0.6158,0.0002,200,1565.1106
0.6309,0.0000,0.0000,0.0001,0.6289,0.0019,200,1565.7268
0.6149,0.0000,0.0000,0.0001,0.6133,0.0015,200,1566.3577
0.6139,0.0000,0.0000,0.0002,0.6121,0.0016,200,1566.9727
0.6320,0.0000,0.0000,0.0001,0.6305,0.0014,200,1567.5865
0.6276,0.0000,0.0000,0.0001,0.6263,0.0012,200,1568.2185
0.6650,0.0000,0.0000,0.0001,0.6635,0.0015,200,1568.8462
0.6600,0.0000,0.0000,0.0001,0.6586,0.0013,200,1569.5113
0.6213,0.0000,0.0000,0.0000,0.6197,0.0015,200,1570.1712
0.6266,0.0000,0.0000,0.0002,0.6245,0.0018,200,1570.7925
0.6332,0.0000,0.0000,0.0001,0.6319,0.0012,200,1571.4191
0.6133,0.0000,0.0000,0.0001,0.6113,0.0018,200,1572.0523
0.6244,0.0000,0.0000,0.0001,0.6227,0.0016,200,1572.6656
0.6362,0.0000,0.0000,0.0001,0.6347,0.0014,200,1573.2900
0.6195,0.0000,0.0000,0.0001,0.6175,0.0019,200,1573.9262
0.6176,0.0000,0.0000,0.0000,0.6157,0.0018,200,1574.5457
0.6349,0.0000,0.0000,0.0001,0.6330,0.0018,200,1575.1633
0.6562,0.0000,0.0000,0.0001,0.6544,0.0016,200,1575.7982
0.6301,0.0000,0.0000,0.0001,0.6283,0.0017,200,1576.4544
0.6274,0.0000,0.0000,0.0002,0.6263,0.0009,200,1577.0845
0.6272,0.0000,0.0000,0.0001,0.6249,0.0020,200,1577.7119
0.6358,0.0000,0.0000,0.0001,0.6341,0.0015,200,1578.3390
0.6437,0.0000,0.0000,0.0001,0.6420,0.0017,200,1578.9749
0.6383,0.0000,0.0000,0.0001,0.6365,0.0016,200,1579.6186
0.6434,0.0000,0.0000,0.0001,0.6414,0.0019,200,1580.2569
0.6320,0.0000,0.0000,0.0001,0.6305,0.0013,200,1580.9003
0.6151,0.0000,0.0000,0.0001,0.6133,0.0017,200,1581.5323
0.6266,0.0000,0.0000,0.0001,0.6249,0.0016,200,1582.1473
0.6264,0.0000,0.0000,0.0001,0.6249,0.0014,200,1582.7740
0.6352,0.0000,0.0000,0.0002,0.6333,0.0016,200,1583.4004
0.6326,0.0000,0.0000,0.0001,0.6311,0.0014,200,1584.0356
0.6373,0.0000,0.0000,0.0001,0.6358,0.0014,200,1584.6683
0.6237,0.0000,0.0000,0.0001,0.6221,0.0015,200,1585.3056
0.6169,0.0000,0.0000,0.0001,0.6162,0.0007,200,1585.9292
0.6339,0.0000,0.0000,0.0000,0.6324,0.0015,200,1586.5462
0.6222,0.0000,0.0000,0.0001,0.6206,0.0014,200,1587.1801
0.6357,0.0000,0.0000,0.0001,0.6340,0.0016,200,1587.8023
0.6235,0.0000,0.0000,0.0001,0.6217,0.0016,200,1588.4381
0.6208,0.0000,0.0000,0.0001,0.6192,0.0015,200,1589.0615
0.6771,0.0000,0.0000,0.0001,0.6755,0.0015,200,1589.6823
0.6284,0.0000,0.0000,0.0001,0.6266,0.0016,200,1590.3595
0.6636,0.0000,0.0000,0.0001,0.6617,0.0016,200,1590.9878
0.5987,0.0000,0.0000,0.0001,0.5972,0.0014,200,1591.6514
0.6365,0.0000,0.0000,0.0001,0.6347,0.0017,200,1592.2501
0.6348,0.0000,0.0000,0.0001,0.6333,0.0014,200,1592.8866
0.6315,0.0000,0.0000,0.0000,0.6296,0.0018,200,1593.5214
0.6269,0.0000,0.0000,0.0001,0.6249,0.0019,200,1594.1530
0.6281,0.0000,0.0000,0.0001,0.6265,0.0015,200,1594.7799
0.6391,0.0000,0.0000,0.0001,0.6374,0.0016,200,1595.4080
0.6226,0.0000,0.0000,0.0001,0.6210,0.0015,200,1596.0471
0.6179,0.0000,0.0000,0.0000,0.6161,0.0017,200,1596.6697
0.6241,0.0000,0.0000,0.0001,0.6225,0.0014,200,1597.2876
0.6079,0.0000,0.0000,0.0000,0.6070,0.0008,200,1597.9117
0.6376,0.0000,0.0000,0.0000,0.6358,0.0017,200,1598.5196
0.6214,0.0000,0.0000,0.0001,0.6202,0.0011,200,1599.1572
0.6245,0.0000,0.0000,0.0000,0.6231,0.0014,200,1599.7786
0.6166,0.0000,0.0000,0.0001,0.6149,0.0017,200,1600.4032
0.6363,0.0000,0.0000,0.0001,0.6345,0.0017,200,1601.0198
0.6295,0.0000,0.0000,0.0001,0.6278,0.0016,200,1601.6561
0.6079,0.0000,0.0000,0.0001,0.6071,0.0006,200,1602.2857
0.6333,0.0000,0.0000,0.0000,0.6312,0.0020,200,1602.8935
0.6231,0.0000,0.0000,0.0001,0.6212,0.0018,200,1603.5268
0.6725,0.0000,0.0000,0.0001,0.6712,0.0012,200,1604.1499
0.6153,0.0000,0.0000,0.0001,0.6133,0.0018,200,1604.8225
0.6254,0.0000,0.0000,0.0001,0.6228,0.0024,200,1605.4378
0.6704,0.0000,0.0000,0.0001,0.6674,0.0029,200,1606.0632
0.6622,0.0000,0.0000,0.0001,0.6602,0.0018,200,1606.7336
0.6424,0.0000,0.0000,0.0001,0.6407,0.0016,200,1607.3957
0.6261,0.0000,0.0000,0.0001,0.6241,0.0018,200,1608.0381
0.6301,0.0000,0.0000,0.0001,0.6284,0.0015,200,1608.6642
0.6804,0.0000,0.0000,0.0001,0.6786,0.0018,200,1609.2943
0.6228,0.0000,0.0000,0.0001,0.6216,0.0011,200,1609.9747
0.6370,0.0000,0.0000,0.0001,0.6358,0.0012,200,1610.5975
0.6399,0.0000,0.0000,0.0001,0.6382,0.0015,200,1611.2346
0.6675,0.0000,0.0000,0.0001,0.6656,0.0018,200,1611.8745
0.6314,0.0000,0.0000,0.0001,0.6300,0.0013,200,1612.5420
0.6109,0.0000,0.0000,0.0001,0.6094,0.0015,200,1613.1735
0.6178,0.0000,0.0000,0.0001,0.6156,0.0021,200,1613.7844
0.6615,0.0000,0.0000,0.0001,0.6595,0.0018,200,1614.4022
0.6330,0.0000,0.0000,0.0001,0.6311,0.0018,200,1615.0637
0.6251,0.0000,0.0000,0.0001,0.6242,0.0008,200,1615.6967
0.6181,0.0000,0.0000,0.0000,0.6164,0.0017,200,1616.3218
0.6433,0.0000,0.0000,0.0001,0.6414,0.0018,200,1616.9399
0.6204,0.0000,0.0000,0.0001,0.6182,0.0020,200,1617.5832
0.6026,0.0000,0.0000,0.0001,0.6016,0.0009,200,1618.2036
0.6244,0.0000,0.0000,0.0001,0.6226,0.0017,200,1618.8062
0.6415,0.0000,0.0000,0.0001,0.6396,0.0016,200,1619.4306
0.6193,0.0000,0.0000,0.0001,0.6176,0.0015,200,1620.0721
0.6435,0.0000,0.0000,0.0001,0.6417,0.0016,200,1620.6914
0.6636,0.0000,0.0000,0.0001,0.6615,0.0019,200,1621.3349
0.6234,0.0000,0.0000,0.0001,0.6222,0.0011,200,1621.9985
0.6852,0.0000,0.0000,0.0001,0.6835,0.0015,200,1622.6219
0.6528,0.0000,0.0000,0.0000,0.6513,0.0015,200,1623.3071
0.6260,0.0000,0.0000,0.0001,0.6245,0.0014,200,1623.9599
0.6236,0.0000,0.0000,0.0001,0.6220,0.0014,200,1624.5859
0.6171,0.0000,0.0000,0.0001,0.6154,0.0016,200,1625.2095
0.6554,0.0000,0.0000,0.0001,0.6532,0.0020,200,1625.8267
0.6107,0.0000,0.0000,0.0001,0.6090,0.0015,200,1626.4821
0.6291,0.0000,0.0000,0.0001,0.6272,0.0017,200,1627.0928
0.6064,0.0000,0.0000,0.0000,0.6047,0.0016,200,1627.7218
0.6319,0.0000,0.0000,0.0001,0.6305,0.0012,200,1628.3283
0.6270,0.0000,0.0000,0.0001,0.6249,0.0020,200,1628.9602
0.6083,0.0000,0.0000,0.0001,0.6070,0.0011,200,1629.5872
0.6301,0.0000,0.0000,0.0001,0.6286,0.0014,200,1630.1955
0.6556,0.0000,0.0000,0.0001,0.6538,0.0016,200,1630.8256
0.6243,0.0000,0.0000,0.0001,0.6220,0.0022,200,1631.4812
0.6334,0.0000,0.0000,0.0001,0.6316,0.0017,200,1632.1055
0.6273,0.0000,0.0000,0.0001,0.6246,0.0021,200,1632.7389
0.6113,0.0000,0.0000,0.0001,0.6096,0.0016,200,1633.3662
0.6167,0.0000,0.0000,0.0001,0.6152,0.0014,200,1633.9775
0.6543,0.0000,0.0000,0.0001,0.6532,0.0010,200,1634.5942
0.6138,0.0000,0.0000,0.0001,0.6126,0.0010,200,1635.2485
0.6252,0.0000,0.0000,0.0000,0.6238,0.0012,200,1635.8623
0.6187,0.0000,0.0000,0.0001,0.6169,0.0015,200,1636.4875
0.6392,0.0000,0.0000,0.0001,0.6374,0.0017,200,1637.1062
0.6649,0.0000,0.0000,0.0001,0.6635,0.0012,200,1637.7454
0.6119,0.0000,0.0000,0.0001,0.6101,0.0016,200,1638.4103
0.6637,0.0000,0.0000,0.0001,0.6616,0.0020,200,1639.0222
0.6322,0.0000,0.0000,0.0001,0.6301,0.0020,200,1639.6859
0.6253,0.0000,0.0000,0.0001,0.6234,0.0019,200,1640.3182
0.6722,0.0000,0.0000,0.0001,0.6702,0.0018,200,1640.9435
0.6344,0.0000,0.0000,0.0001,0.6317,0.0026,200,1641.6157
0.6241,0.0000,0.0000,0.0001,0.6225,0.0015,200,1642.2501
0.6244,0.0000,0.0000,0.0001,0.6225,0.0018,200,1642.8742
0.6022,0.0000,0.0000,0.0001,0.6001,0.0020,200,1643.4986
0.6425,0.0000,0.0000,0.0001,0.6409,0.0015,200,1644.1008
0.6388,0.0000,0.0000,0.0001,0.6366,0.0021,200,1644.7434
0.6419,0.0000,0.0000,0.0001,0.6400,0.0017,200,1645.3821
0.6643,0.0000,0.0000,0.0001,0.6624,0.0017,200,1646.0240
0.6556,0.0000,0.0000,0.0001,0.6534,0.0020,200,1646.6883
0.6137,0.0000,0.0000,0.0001,0.6120,0.0017,200,1647.3439
0.6309,0.0000,0.0000,0.0001,0.6292,0.0016,200,1647.9576
0.6392,0.0000,0.0000,0.0001,0.6368,0.0021,200,1648.5885
0.7000,0.0000,0.0000,0.0001,0.6983,0.0016,200,1649.2277
0.6120,0.0000,0.0000,0.0001,0.6103,0.0015,200,1649.9277
0.6732,0.0000,0.0000,0.0001,0.6714,0.0017,200,1650.5397
0.6759,0.0000,0.0000,0.0001,0.6741,0.0017,200,1651.2129
0.6703,0.0000,0.0000,0.0001,0.6685,0.0017,200,1651.8888
0.6252,0.0000,0.0000,0.0000,0.6236,0.0014,200,1652.5591
0.6235,0.0000,0.0000,0.0001,0.6220,0.0014,200,1653.1843
0.6263,0.0000,0.0000,0.0001,0.6241,0.0020,200,1653.8078
0.6350,0.0000,0.0000,0.0001,0.6340,0.0009,200,1654.4340
0.6397,0.0000,0.0000,0.0001,0.6378,0.0018,200,1655.0690
0.6114,0.0000,0.0000,0.0001,0.6094,0.0018,200,1655.7088
0.6594,0.0000,0.0000,0.0001,0.6572,0.0020,200,1656.3202
0.6087,0.0000,0.0000,0.0001,0.6074,0.0011,200,1656.9795
0.6495,0.0000,0.0000,0.0000,0.6476,0.0018,200,1657.5883
0.6155,0.0000,0.0000,0.0001,0.6136,0.0018,200,1658.2378
0.6197,0.0000,0.0000,0.0001,0.6184,0.0012,200,1658.8533
0.6312,0.0000,0.0000,0.0001,0.6296,0.0014,200,1659.4730
0.6076,0.0000,0.0000,0.0001,0.6059,0.0015,200,1660.1042
0.6365,0.0000,0.0000,0.0001,0.6349,0.0014,200,1660.7118
0.6583,0.0000,0.0000,0.0001,0.6562,0.0020,200,1661.3483
0.6306,0.0000,0.0000,0.0001,0.6289,0.0016,200,1662.0066
0.6272,0.0000,0.0000,0.0001,0.6257,0.0014,200,1662.6372
0.6127,0.0000,0.0000,0.0001,0.6109,0.0017,200,1663.2644
0.6266,0.0000,0.0000,0.0001,0.6247,0.0018,200,1663.8771
0.6083,0.0000,0.0000,0.0001,0.6066,0.0015,200,1664.5037
0.6217,0.0000,0.0000,0.0001,0.6198,0.0018,200,1665.1120
0.6513,0.0000,0.0000,0.0001,0.6507,0.0005,200,1665.7337
0.6142,0.0000,0.0000,0.0001,0.6130,0.0011,200,1666.3851
0.6306,0.0000,0.0000,0.0001,0.6302,0.0002,200,1666.9993
0.6246,0.0000,0.0000,0.0001,0.6230,0.0015,200,1667.6299
0.6207,0.0000,0.0000,0.0001,0.6191,0.0016,200,1668.2545
0.6310,0.0000,0.0000,0.0001,0.6298,0.0010,200,1668.8752
0.6301,0.0000,0.0000,0.0001,0.6281,0.0017,200,1669.5063
0.6121,0.0000,0.0000,0.0001,0.6104,0.0012,200,1670.1363
0.6331,0.0000,0.0000,0.0002,0.6310,0.0018,200,1670.7485
0.6247,0.0000,0.0000,0.0001,0.6231,0.0015,200,1671.3816
0.6417,0.0000,0.0000,0.0001,0.6402,0.0013,200,1672.0063
0.6331,0.0000,0.0000,0.0001,0.6306,0.0024,200,1672.6480
0.6291,0.0000,0.0000,0.0002,0.6273,0.0015,200,1673.2811
0.6218,0.0000,0.0000,0.0001,0.6202,0.0015,200,1673.9103
0.6417,0.0000,0.0000,0.0001,0.6397,0.0018,200,1674.5321
0.6381,0.0000,0.0000,0.0001,0.6361,0.0019,200,1675.1737
0.6271,0.0000,0.0000,0.0001,0.6268,0.0003,200,1675.8118
0.6135,0.0000,0.0000,0.0003,0.6118,0.0014,200,1676.4389
0.6140,0.0000,0.0000,0.0002,0.6121,0.0017,200,1677.0525
0.6297,0.0000,0.0000,0.0001,0.6285,0.0010,200,1677.6665
0.6543,0.0000,0.0000,0.0001,0.6532,0.0010,200,1678.2962
0.6175,0.0000,0.0000,0.0001,0.6158,0.0015,200,1678.9506
0.6234,0.0000,0.0000,0.0001,0.6205,0.0027,200,1679.5680
0.6112,0.0000,0.0000,0.0001,0.6091,0.0020,200,1680.1914
0.6375,0.0000,0.0000,0.0001,0.6358,0.0015,200,1680.8026
0.6036,0.0000,0.0000,0.0001,0.6019,0.0016,200,1681.4401
0.6623,0.0000,0.0000,0.0001,0.6606,0.0016,200,1682.0436
0.6189,0.0000,0.0000,0.0001,0.6174,0.0014,200,1682.7060
0.6252,0.0000,0.0000,0.0000,0.6236,0.0015,200,1683.3249
0.6449,0.0000,0.0000,0.0001,0.6426,0.0022,200,1683.9501
0.6172,0.0000,0.0000,0.0001,0.6153,0.0019,200,1684.5950
0.6106,0.0000,0.0000,0.0001,0.6090,0.0015,200,1685.2123
0.6346,0.0000,0.0000,0.0001,0.6328,0.0016,200,1685.8229
0.6428,0.0000,0.0000,0.0000,0.6411,0.0016,200,1686.4575
0.6335,0.0000,0.0000,0.0000,0.6316,0.0018,200,1687.1003
0.6210,0.0000,0.0000,0.0001,0.6193,0.0016,200,1687.7339
0.6340,0.0000,0.0000,0.0000,0.6323,0.0016,200,1688.3549
0.6376,0.0000,0.0000,0.0001,0.6360,0.0015,200,1688.9889
0.6059,0.0000,0.0000,0.0001,0.6040,0.0017,200,1689.6265
0.6215,0.0000,0.0000,0.0001,0.6201,0.0013,200,1690.2324
0.6205,0.0000,0.0000,0.0001,0.6184,0.0020,200,1690.8539
0.6255,0.0000,0.0000,0.0001,0.6236,0.0017,200,1691.4744
0.6781,0.0000,0.0000,0.0001,0.6763,0.0017,200,1692.0999
0.6232,0.0000,0.0000,0.0001,0.6212,0.0019,200,1692.7780
0.6182,0.0000,0.0000,0.0001,0.6164,0.0017,200,1693.4013
0.6144,0.0000,0.0000,0.0001,0.6123,0.0019,200,1694.0194
0.6211,0.0000,0.0000,0.0001,0.6195,0.0014,200,1694.6338
0.6299,0.0000,0.0000,0.0001,0.6283,0.0015,200,1695.2548
0.6477,0.0000,0.0000,0.0000,0.6460,0.0016,200,1695.8848
0.6337,0.0000,0.0000,0.0003,0.6322,0.0012,200,1696.5325
0.6285,0.0000,0.0000,0.0001,0.6268,0.0016,200,1697.1662
0.6314,0.0000,0.0000,0.0001,0.6293,0.0020,200,1697.7947
0.6423,0.0000,0.0000,0.0001,0.6404,0.0018,200,1698.4261
0.6489,0.0000,0.0000,0.0001,0.6470,0.0019,200,1699.0684
0.7721,0.0000,0.0000,0.0001,0.7711,0.0009,200,1699.7173
0.6340,0.0000,0.0000,0.0000,0.6322,0.0018,200,1700.4894
0.6238,0.0000,0.0000,0.0001,0.6223,0.0014,200,1701.1234
0.6210,0.0000,0.0000,0.0001,0.6191,0.0017,200,1701.7472
0.6602,0.0000,0.0000,0.0001,0.6583,0.0017,200,1702.3681
0.6209,0.0000,0.0000,0.0001,0.6190,0.0018,200,1703.0283
0.6329,0.0000,0.0000,0.0001,0.6321,0.0007,200,1703.6492
0.6517,0.0000,0.0000,0.0001,0.6500,0.0016,200,1704.2821
0.6427,0.0000,0.0000,0.0001,0.6412,0.0013,200,1704.9338
0.6318,0.0000,0.0000,0.0001,0.6303,0.0013,200,1705.5765
0.6512,0.0000,0.0000,0.0001,0.6500,0.0011,200,1706.2083
0.6281,0.0000,0.0000,0.0001,0.6264,0.0015,200,1706.8595
0.6224,0.0000,0.0000,0.0001,0.6213,0.0010,200,1707.4876
0.6181,0.0000,0.0000,0.0000,0.6167,0.0014,200,1708.1100
0.6322,0.0000,0.0000,0.0001,0.6305,0.0017,200,1708.7281
0.6041,0.0000,0.0000,0.0001,0.6025,0.0015,200,1709.3604
0.6175,0.0000,0.0000,0.0002,0.6153,0.0020,200,1709.9645
0.6312,0.0000,0.0000,0.0001,0.6293,0.0018,200,1710.5821
0.6079,0.0000,0.0000,0.0001,0.6061,0.0017,200,1711.2133
0.6214,0.0000,0.0000,0.0000,0.6199,0.0014,200,1711.8212
0.6306,0.0000,0.0000,0.0001,0.6287,0.0018,200,1712.4426
0.6191,0.0000,0.0000,0.0001,0.6175,0.0014,200,1713.0733
0.6116,0.0000,0.0000,0.0001,0.6105,0.0010,200,1713.6924
0.6335,0.0000,0.0000,0.0001,0.6313,0.0020,200,1714.3040
0.6323,0.0000,0.0000,0.0001,0.6306,0.0016,200,1714.9375
0.6264,0.0000,0.0000,0.0001,0.6246,0.0016,200,1715.5698
0.6307,0.0000,0.0000,0.0001,0.6291,0.0015,200,1716.1962
0.6716,0.0000,0.0000,0.0001,0.6699,0.0016,200,1716.8269
0.6054,0.0000,0.0000,0.0001,0.6042,0.0011,200,1717.4985
0.6348,0.0000,0.0000,0.0000,0.6332,0.0015,200,1718.1039
0.6293,0.0000,0.0000,0.0001,0.6275,0.0017,200,1718.7387
0.6268,0.0000,0.0000,0.0001,0.6250,0.0017,200,1719.3680
0.6274,0.0000,0.0000,0.0001,0.6237,0.0036,200,1719.9948
0.6155,0.0000,0.0000,0.0001,0.6137,0.0017,200,1720.6222
0.6221,0.0000,0.0000,0.0001,0.6203,0.0017,200,1721.2377
0.6302,0.0000,0.0000,0.0001,0.6289,0.0012,200,1721.8598
0.6198,0.0000,0.0000,0.0000,0.6184,0.0013,200,1722.4900
0.6271,0.0000,0.0000,0.0001,0.6252,0.0018,200,1723.1099
0.6388,0.0000,0.0000,0.0001,0.6368,0.0019,200,1723.7370
0.6480,0.0000,0.0000,0.0001,0.6459,0.0017,200,1724.3758
0.6233,0.0000,0.0000,0.0001,0.6218,0.0013,200,1725.0239
0.6242,0.0000,0.0000,0.0001,0.6228,0.0014,200,1725.6472
0.6399,0.0000,0.0000,0.0001,0.6378,0.0020,200,1726.2715
0.6536,0.0000,0.0000,0.0001,0.6516,0.0019,200,1726.9114
0.6358,0.0000,0.0000,0.0001,0.6344,0.0013,200,1727.5650
0.6345,0.0000,0.0000,0.0001,0.6328,0.0015,200,1728.2007
0.6250,0.0000,0.0000,0.0001,0.6232,0.0016,200,1728.8353
0.6095,0.0000,0.0000,0.0001,0.6083,0.0010,200,1729.4603
0.6466,0.0000,0.0000,0.0000,0.6448,0.0017,200,1730.0697
0.6150,0.0000,0.0000,0.0001,0.6126,0.0022,200,1730.7164
0.6398,0.0000,0.0000,0.0001,0.6380,0.0017,200,1731.3313
0.6275,0.0000,0.0000,0.0001,0.6258,0.0016,200,1731.9712
0.6089,0.0000,0.0000,0.0001,0.6076,0.0011,200,1732.5987
0.6471,0.0000,0.0000,0.0000,0.6452,0.0018,200,1733.2076
0.6188,0.0000,0.0000,0.0001,0.6170,0.0016,200,1733.8547
0.6509,0.0000,0.0000,0.0001,0.6490,0.0018,200,1734.4735
0.6156,0.0000,0.0000,0.0001,0.6130,0.0024,200,1735.1244
0.6208,0.0000,0.0000,0.0001,0.6191,0.0015,200,1735.7400
0.6565,0.0000,0.0000,0.0001,0.6547,0.0017,200,1736.3608
0.6301,0.0000,0.0000,0.0001,0.6291,0.0009,200,1737.0173
0.6186,0.0000,0.0000,0.0000,0.6170,0.0015,200,1737.6474
0.6283,0.0000,0.0000,0.0001,0.6269,0.0013,200,1738.2660
0.6457,0.0000,0.0000,0.0001,0.6444,0.0012,200,1738.8944
0.6219,0.0000,0.0000,0.0001,0.6208,0.0009,200,1739.5401
0.6232,0.0000,0.0000,0.0000,0.6214,0.0017,200,1740.1619
0.6266,0.0000,0.0000,0.0001,0.6250,0.0014,200,1740.7851
0.6343,0.0000,0.0000,0.0001,0.6323,0.0018,200,1741.4117
0.6499,0.0000,0.0000,0.0001,0.6480,0.0018,200,1742.0460
0.6204,0.0000,0.0000,0.0001,0.6189,0.0014,200,1742.6959
0.6246,0.0000,0.0000,0.0001,0.6227,0.0018,200,1743.3163
0.6237,0.0000,0.0000,0.0001,0.6222,0.0014,200,1743.9409
0.6135,0.0000,0.0000,0.0002,0.6115,0.0017,200,1744.5646
0.6336,0.0000,0.0000,0.0001,0.6322,0.0013,200,1745.1781
0.6406,0.0000,0.0000,0.0001,0.6384,0.0020,200,1745.8117
0.6274,0.0000,0.0000,0.0001,0.6260,0.0013,200,1746.4522
0.6234,0.0000,0.0000,0.0001,0.6212,0.0020,200,1747.0796
0.6466,0.0000,0.0000,0.0001,0.6445,0.0019,200,1747.7031
0.6302,0.0000,0.0000,0.0001,0.6292,0.0008,200,1748.3497
0.6424,0.0000,0.0000,0.0000,0.6411,0.0012,200,1748.9799
0.6270,0.0000,0.0000,0.0001,0.6254,0.0015,200,1749.6223
0.5994,0.0000,0.0000,0.0000,0.5975,0.0018,200,1750.2493
0.6501,0.0000,0.0000,0.0001,0.6484,0.0015,200,1750.8488
0.6091,0.0000,0.0000,0.0000,0.6073,0.0017,200,1751.4989
0.6137,0.0000,0.0000,0.0001,0.6116,0.0019,200,1752.1080
0.6466,0.0000,0.0000,0.0001,0.6445,0.0020,200,1752.7217
0.6431,0.0000,0.0000,0.0001,0.6412,0.0017,200,1753.3683
0.6357,0.0000,0.0000,0.0001,0.6342,0.0013,200,1754.0114
0.6208,0.0000,0.0000,0.0001,0.6189,0.0018,200,1754.6471
0.6049,0.0000,0.0000,0.0001,0.6032,0.0016,200,1755.2679
0.6373,0.0000,0.0000,0.0001,0.6357,0.0014,200,1755.8728
0.6120,0.0000,0.0000,0.0001,0.6102,0.0016,200,1756.5101
0.6158,0.0000,0.0000,0.0001,0.6139,0.0017,200,1757.1221
0.6331,0.0000,0.0000,0.0001,0.6315,0.0014,200,1757.7379
0.6187,0.0000,0.0000,0.0001,0.6162,0.0023,200,1758.3709
0.6648,0.0000,0.0000,0.0001,0.6628,0.0019,200,1758.9896
0.6370,0.0000,0.0000,0.0001,0.6352,0.0017,200,1759.6544
0.6433,0.0000,0.0000,0.0001,0.6410,0.0022,200,1760.2914
0.6213,0.0000,0.0000,0.0001,0.6194,0.0018,200,1760.9347
0.6334,0.0000,0.0000,0.0001,0.6311,0.0021,200,1761.5560
0.6235,0.0000,0.0000,0.0001,0.6216,0.0018,200,1762.1894
0.6392,0.0000,0.0000,0.0001,0.6376,0.0015,200,1762.8129
0.6078,0.0000,0.0000,0.0001,0.6059,0.0017,200,1763.4522
0.6602,0.0000,0.0000,0.0001,0.6582,0.0019,200,1764.0600
0.6438,0.0000,0.0000,0.0001,0.6421,0.0016,200,1764.7202
0.6276,0.0000,0.0000,0.0001,0.6257,0.0018,200,1765.3640
0.6220,0.0000,0.0000,0.0001,0.6201,0.0018,200,1765.9916
0.6184,0.0000,0.0000,0.0001,0.6162,0.0021,200,1766.6135
0.6090,0.0000,0.0000,0.0001,0.6076,0.0013,200,1767.2319
0.6229,0.0000,0.0000,0.0000,0.6206,0.0022,200,1767.8410
0.6136,0.0000,0.0000,0.0001,0.6118,0.0017,200,1768.4639
0.6088,0.0000,0.0000,0.0001,0.6073,0.0014,200,1769.0775
0.6316,0.0000,0.0000,0.0001,0.6300,0.0015,200,1769.6863
0.6264,0.0000,0.0000,0.0000,0.6250,0.0013,200,1770.3179
0.6411,0.0000,0.0000,0.0001,0.6383,0.0027,200,1770.9443
0.6310,0.0000,0.0000,0.0001,0.6293,0.0015,200,1771.5854
0.6393,0.0000,0.0000,0.0001,0.6374,0.0018,200,1772.2163
0.6552,0.0000,0.0000,0.0001,0.6539,0.0013,200,1772.8556
0.6330,0.0000,0.0000,0.0001,0.6314,0.0015,200,1773.5109
0.6655,0.0000,0.0000,0.0001,0.6637,0.0017,200,1774.1439
0.6580,0.0000,0.0000,0.0001,0.6562,0.0016,200,1774.8094
0.6123,0.0000,0.0000,0.0000,0.6107,0.0015,200,1775.4674
0.6389,0.0000,0.0000,0.0001,0.6375,0.0013,200,1776.0797
0.6254,0.0000,0.0000,0.0001,0.6227,0.0026,200,1776.7186
0.6350,0.0000,0.0000,0.0001,0.6335,0.0014,200,1777.3440
0.6211,0.0000,0.0000,0.0001,0.6193,0.0016,200,1777.9790
0.6213,0.0000,0.0000,0.0001,0.6197,0.0014,200,1778.6001
0.6625,0.0000,0.0000,0.0001,0.6609,0.0015,200,1779.2214
0.6268,0.0000,0.0000,0.0001,0.6256,0.0011,200,1779.8840
0.7679,0.0000,0.0000,0.0001,0.7666,0.0012,200,1780.5108
0.6330,0.0000,0.0000,0.0001,0.6317,0.0011,200,1781.2787
0.6542,0.0000,0.0000,0.0000,0.6532,0.0010,200,1781.9117
0.6303,0.0000,0.0000,0.0000,0.6280,0.0023,200,1782.5659
0.6128,0.0000,0.0000,0.0001,0.6110,0.0017,200,1783.1962
0.6223,0.0000,0.0000,0.0001,0.6205,0.0017,200,1783.8090
0.6918,0.0000,0.0000,0.0001,0.6903,0.0014,200,1784.4313
0.6074,0.0000,0.0000,0.0001,0.6056,0.0017,200,1785.1232
0.6282,0.0000,0.0000,0.0001,0.6265,0.0012,200,1785.7306
0.6280,0.0000,0.0000,0.0001,0.6240,0.0039,200,1786.3588
0.6232,0.0000,0.0000,0.0001,0.6205,0.0025,200,1786.9869
0.6173,0.0000,0.0000,0.0001,0.6159,0.0013,200,1787.6100
0.6249,0.0000,0.0000,0.0001,0.6238,0.0010,200,1788.2274
0.6093,0.0000,0.0000,0.0000,0.6072,0.0020,200,1788.8522
0.6079,0.0000,0.0000,0.0001,0.6059,0.0018,200,1789.4616
0.6145,0.0000,0.0000,0.0001,0.6128,0.0015,200,1790.0694
0.6665,0.0000,0.0000,0.0001,0.6650,0.0013,200,1790.6839
0.6415,0.0000,0.0000,0.0001,0.6397,0.0017,200,1791.3504
0.6254,0.0000,0.0000,0.0001,0.6236,0.0017,200,1791.9919
0.6086,0.0000,0.0000,0.0001,0.6071,0.0015,200,1792.6173
0.6184,0.0000,0.0000,0.0001,0.6163,0.0019,200,1793.2259
0.6183,0.0000,0.0000,0.0003,0.6157,0.0022,200,1793.8443
0.6602,0.0000,0.0000,0.0001,0.6587,0.0014,200,1794.4626
0.6180,0.0000,0.0000,0.0001,0.6165,0.0015,200,1795.1228
0.6651,0.0000,0.0000,0.0001,0.6632,0.0018,200,1795.7409
0.6095,0.0000,0.0000,0.0001,0.6081,0.0013,200,1796.4060
0.6461,0.0000,0.0000,0.0001,0.6444,0.0016,200,1797.0155
0.6050,0.0000,0.0000,0.0001,0.6034,0.0015,200,1797.6616
0.6233,0.0000,0.0000,0.0001,0.6218,0.0014,200,1798.2666
0.6443,0.0000,0.0000,0.0000,0.6425,0.0017,200,1798.8899
0.6073,0.0000,0.0000,0.0001,0.6053,0.0019,200,1799.5343
0.6190,0.0000,0.0000,0.0001,0.6175,0.0014,200,1800.1416
0.6399,0.0000,0.0000,0.0001,0.6376,0.0020,200,1800.7606
0.6493,0.0000,0.0000,0.0001,0.6480,0.0010,200,1801.4005
0.6254,0.0000,0.0000,0.0001,0.6234,0.0019,200,1802.0497
0.6101,0.0000,0.0000,0.0001,0.6080,0.0020,200,1802.6752
0.6561,0.0000,0.0000,0.0001,0.6539,0.0020,200,1803.2853
0.6513,0.0000,0.0000,0.0001,0.6493,0.0019,200,1803.9414
0.6516,0.0000,0.0000,0.0001,0.6501,0.0013,200,1804.5926
0.6150,0.0000,0.0000,0.0001,0.6132,0.0016,200,1805.2442
0.6290,0.0000,0.0000,0.0001,0.6273,0.0016,200,1805.8592
0.6796,0.0000,0.0000,0.0001,0.6779,0.0015,200,1806.4882
0.6337,0.0000,0.0000,0.0001,0.6323,0.0013,200,1807.1678
0.6291,0.0000,0.0000,0.0001,0.6275,0.0014,200,1807.8015
0.5959,0.0000,0.0000,0.0000,0.5950,0.0007,200,1808.4305
0.6240,0.0000,0.0000,0.0000,0.6223,0.0016,200,1809.0264
0.6510,0.0000,0.0000,0.0001,0.6494,0.0015,200,1809.6504
0.6219,0.0000,0.0000,0.0001,0.6201,0.0016,200,1810.3014
0.6227,0.0000,0.0000,0.0001,0.6208,0.0018,200,1810.9233
0.6041,0.0000,0.0000,0.0000,0.6031,0.0010,200,1811.5460
0.6531,0.0000,0.0000,0.0001,0.6512,0.0017,200,1812.1501
0.6237,0.0000,0.0000,0.0001,0.6224,0.0012,200,1812.8032
0.6078,0.0000,0.0000,0.0001,0.6064,0.0012,200,1813.4269
0.6220,0.0000,0.0000,0.0001,0.6205,0.0013,200,1814.0347
0.6552,0.0000,0.0000,0.0001,0.6534,0.0017,200,1814.6567
0.6366,0.0000,0.0000,0.0001,0.6343,0.0022,200,1815.3120
0.6537,0.0000,0.0000,0.0001,0.6515,0.0020,200,1815.9486
0.6681,0.0000,0.0000,0.0001,0.6664,0.0016,200,1816.6023
0.6238,0.0000,0.0000,0.0001,0.6221,0.0016,200,1817.2704
0.6198,0.0000,0.0000,0.0000,0.6177,0.0020,200,1817.8942
0.6261,0.0000,0.0000,0.0001,0.6252,0.0008,200,1818.5141
0.6211,0.0000,0.0000,0.0000,0.6204,0.0007,200,1819.1402
0.6123,0.0000,0.0000,0.0000,0.6088,0.0034,200,1819.7613
0.6054,0.0000,0.0000,0.0001,0.6042,0.0011,200,1820.3737
0.6403,0.0000,0.0000,0.0001,0.6388,0.0014,200,1820.9791
0.6289,0.0000,0.0000,0.0001,0.6275,0.0013,200,1821.6194
0.6443,0.0000,0.0000,0.0001,0.6429,0.0013,200,1822.2482
0.6236,0.0000,0.0000,0.0001,0.6224,0.0009,200,1822.8925
0.6170,0.0000,0.0000,0.0001,0.6148,0.0020,200,1823.5162
0.6439,0.0000,0.0000,0.0001,0.6420,0.0018,200,1824.1331
0.6648,0.0000,0.0000,0.0001,0.6636,0.0011,200,1824.7771
0.6598,0.0000,0.0000,0.0001,0.6586,0.0011,200,1825.4419
0.6213,0.0000,0.0000,0.0001,0.6197,0.0015,200,1826.1018
0.6162,0.0000,0.0000,0.0001,0.6144,0.0017,200,1826.7231
0.6630,0.0000,0.0000,0.0001,0.6613,0.0015,200,1827.3393
0.6371,0.0000,0.0000,0.0001,0.6357,0.0013,200,1828.0023
0.6148,0.0000,0.0000,0.0001,0.6140,0.0007,200,1828.6394
0.6188,0.0000,0.0000,0.0000,0.6170,0.0018,200,1829.2542
0.6765,0.0000,0.0000,0.0001,0.6753,0.0010,200,1829.8730
0.6264,0.0000,0.0000,0.0000,0.6248,0.0015,200,1830.5494
0.6297,0.0000,0.0000,0.0001,0.6283,0.0012,200,1831.1758
0.6560,0.0000,0.0000,0.0001,0.6537,0.0022,200,1831.8055
0.6154,0.0000,0.0000,0.0001,0.6136,0.0017,200,1832.4615
0.6567,0.0000,0.0000,0.0001,0.6545,0.0020,200,1833.0769
0.6515,0.0000,0.0000,0.0001,0.6495,0.0018,200,1833.7336
0.6224,0.0000,0.0000,0.0001,0.6203,0.0020,200,1834.3850
0.6224,0.0000,0.0000,0.0001,0.6204,0.0018,200,1835.0074
0.6702,0.0000,0.0000,0.0001,0.6685,0.0017,200,1835.6298
0.6224,0.0000,0.0000,0.0001,0.6208,0.0015,200,1836.3000
0.6360,0.0000,0.0000,0.0001,0.6340,0.0018,200,1836.9225
0.6952,0.0000,0.0000,0.0000,0.6930,0.0021,200,1837.5584
0.6252,0.0000,0.0000,0.0000,0.6239,0.0012,200,1838.2537
0.6235,0.0000,0.0000,0.0000,0.6219,0.0016,200,1838.8789
0.6485,0.0000,0.0000,0.0001,0.6470,0.0014,200,1839.5025
0.6047,0.0000,0.0000,0.0001,0.6024,0.0021,200,1840.1510
0.6321,0.0000,0.0000,0.0001,0.6302,0.0018,200,1840.7556
0.6301,0.0000,0.0000,0.0000,0.6285,0.0016,200,1841.3877
0.6182,0.0000,0.0000,0.0000,0.6172,0.0009,200,1842.0179
0.6292,0.0000,0.0000,0.0001,0.6276,0.0015,200,1842.6361
0.6089,0.0000,0.0000,0.0001,0.6067,0.0019,200,1843.2653
0.6035,0.0000,0.0000,0.0001,0.6016,0.0018,200,1843.8742
0.6285,0.0000,0.0000,0.0001,0.6267,0.0017,200,1844.4777
0.6296,0.0000,0.0000,0.0001,0.6282,0.0013,200,1845.1063
0.6201,0.0000,0.0000,0.0001,0.6184,0.0016,200,1845.7358
0.6135,0.0000,0.0000,0.0001,0.6115,0.0018,200,1846.3559
0.6196,0.0000,0.0000,0.0001,0.6172,0.0023,200,1846.9694
0.6350,0.0000,0.0000,0.0001,0.6330,0.0017,200,1847.5891
0.6379,0.0000,0.0000,0.0001,0.6356,0.0022,200,1848.2241
0.6381,0.0000,0.0000,0.0001,0.6362,0.0017,200,1848.8620
0.6176,0.0000,0.0000,0.0000,0.6158,0.0017,200,1849.5001
0.6445,0.0000,0.0000,0.0001,0.6434,0.0010,200,1850.1177
0.6335,0.0000,0.0000,0.0001,0.6318,0.0016,200,1850.7622
0.7184,0.0000,0.0000,0.0001,0.7170,0.0013,200,1851.3957
0.6220,0.0000,0.0000,0.0001,0.6204,0.0015,200,1852.1141
0.6305,0.0000,0.0000,0.0001,0.6292,0.0013,200,1852.7361
0.6214,0.0000,0.0000,0.0001,0.6195,0.0017,200,1853.3667
0.6201,0.0000,0.0000,0.0001,0.6184,0.0016,200,1853.9881
0.6075,0.0000,0.0000,0.0001,0.6059,0.0015,200,1854.6082
0.6157,0.0000,0.0000,0.0001,0.6145,0.0011,200,1855.2156
0.6331,0.0000,0.0000,0.0000,0.6313,0.0017,200,1855.8313
0.6246,0.0000,0.0000,0.0001,0.6226,0.0019,200,1856.4644
0.6228,0.0000,0.0000,0.0001,0.6212,0.0014,200,1857.0890
0.6242,0.0000,0.0000,0.0001,0.6226,0.0015,200,1857.7118
0.6200,0.0000,0.0000,0.0001,0.6189,0.0010,200,1858.3360
0.6412,0.0000,0.0000,0.0001,0.6394,0.0017,200,1858.9560
0.6268,0.0000,0.0000,0.0001,0.6250,0.0017,200,1859.5972
0.7346,0.0000,0.0000,0.0001,0.7330,0.0015,200,1860.2241
0.6193,0.0000,0.0000,0.0001,0.6177,0.0015,200,1860.9586
0.6265,0.0000,0.0000,0.0001,0.6249,0.0015,200,1861.5780
0.6509,0.0000,0.0000,0.0001,0.6493,0.0015,200,1862.2044
0.6435,0.0000,0.0000,0.0001,0.6417,0.0016,200,1862.8554
0.6232,0.0000,0.0000,0.0001,0.6218,0.0013,200,1863.4989
0.6130,0.0000,0.0000,0.0001,0.6121,0.0008,200,1864.1221
0.6236,0.0000,0.0000,0.0001,0.6213,0.0021,200,1864.7351
0.6466,0.0000,0.0000,0.0001,0.6448,0.0017,200,1865.3587
0.6402,0.0000,0.0000,0.0001,0.6382,0.0019,200,1866.0053
0.6264,0.0000,0.0000,0.0002,0.6249,0.0010,200,1866.6455
0.6382,0.0000,0.0000,0.0000,0.6363,0.0019,200,1867.2719
0.6214,0.0000,0.0000,0.0001,0.6196,0.0016,200,1867.9101
0.6315,0.0000,0.0000,0.0001,0.6298,0.0016,200,1868.5315
0.6490,0.0000,0.0000,0.0001,0.6474,0.0015,200,1869.1631
0.6361,0.0000,0.0000,0.0001,0.6343,0.0015,200,1869.8121
0.6579,0.0000,0.0000,0.0001,0.6557,0.0020,200,1870.4481
0.6439,0.0000,0.0000,0.0001,0.6422,0.0016,200,1871.1060
0.6248,0.0000,0.0000,0.0002,0.6231,0.0015,200,1871.7499
0.6398,0.0000,0.0000,0.0001,0.6382,0.0014,200,1872.3747
0.6227,0.0000,0.0000,0.0001,0.6208,0.0018,200,1873.0145
0.6349,0.0000,0.0000,0.0001,0.6324,0.0024,200,1873.6372
0.6030,0.0000,0.0000,0.0001,0.6018,0.0011,200,1874.2721
0.6284,0.0000,0.0000,0.0001,0.6267,0.0016,200,1874.8752
0.6134,0.0000,0.0000,0.0000,0.6116,0.0017,200,1875.5036
0.6273,0.0000,0.0000,0.0001,0.6258,0.0014,200,1876.1170
0.6773,0.0000,0.0000,0.0001,0.6752,0.0020,200,1876.7444
0.6384,0.0000,0.0000,0.0001,0.6369,0.0014,200,1877.4217
0.6506,0.0000,0.0000,0.0001,0.6490,0.0016,200,1878.0601
0.6363,0.0000,0.0000,0.0001,0.6346,0.0015,200,1878.7107
0.5959,0.0000,0.0000,0.0001,0.5943,0.0014,200,1879.3471
0.6701,0.0000,0.0000,0.0001,0.6684,0.0015,200,1879.9429
0.6834,0.0000,0.0000,0.0001,0.6817,0.0015,200,1880.6130
0.6219,0.0000,0.0000,0.0002,0.6200,0.0016,200,1881.2964
0.6174,0.0000,0.0000,0.0001,0.6157,0.0016,200,1881.9183
0.6206,0.0000,0.0000,0.0001,0.6185,0.0020,200,1882.5358
0.6166,0.0000,0.0000,0.0001,0.6156,0.0008,200,1883.1563
0.6266,0.0000,0.0000,0.0000,0.6251,0.0014,200,1883.7729
0.6361,0.0000,0.0000,0.0001,0.6343,0.0017,200,1884.3995
0.6091,0.0000,0.0000,0.0001,0.6074,0.0015,200,1885.0356
0.6161,0.0000,0.0000,0.0002,0.6143,0.0016,200,1885.6447
0.6052,0.0000,0.0000,0.0001,0.6033,0.0017,200,1886.2608
0.6769,0.0000,0.0000,0.0001,0.6753,0.0014,200,1886.8660
0.6026,0.0000,0.0000,0.0001,0.6002,0.0023,200,1887.5429
0.6124,0.0000,0.0000,0.0001,0.6104,0.0019,200,1888.1455
0.6144,0.0000,0.0000,0.0001,0.6127,0.0016,200,1888.7579
0.6139,0.0000,0.0000,0.0001,0.6118,0.0020,200,1889.3722
0.6170,0.0000,0.0000,0.0001,0.6150,0.0018,200,1889.9862
0.6707,0.0000,0.0000,0.0001,0.6688,0.0018,200,1890.6032
0.6231,0.0000,0.0000,0.0001,0.6213,0.0016,200,1891.2739
0.6063,0.0000,0.0000,0.0001,0.6047,0.0015,200,1891.8971
0.6571,0.0000,0.0000,0.0001,0.6554,0.0016,200,1892.5034
0.6315,0.0000,0.0000,0.0001,0.6302,0.0012,200,1893.1605
0.6431,0.0000,0.0000,0.0000,0.6414,0.0017,200,1893.7920
0.6154,0.0000,0.0000,0.0001,0.6137,0.0017,200,1894.4351
0.6120,0.0000,0.0000,0.0001,0.6097,0.0022,200,1895.0505
0.6306,0.0000,0.0000,0.0001,0.6290,0.0014,200,1895.6625
0.6364,0.0000,0.0000,0.0001,0.6347,0.0016,200,1896.2931
0.6377,0.0000,0.0000,0.0001,0.6355,0.0021,200,1896.9295
0.6596,0.0000,0.0000,0.0001,0.6582,0.0013,200,1897.5673
0.6240,0.0000,0.0000,0.0001,0.6225,0.0014,200,1898.2269
0.6209,0.0000,0.0000,0.0001,0.6192,0.0015,200,1898.8509
0.6537,0.0000,0.0000,0.0001,0.6514,0.0022,200,1899.4718
0.6237,0.0000,0.0000,0.0001,0.6220,0.0016,200,1900.1255
0.6409,0.0000,0.0000,0.0001,0.6394,0.0014,200,1900.7492
0.6593,0.0000,0.0000,0.0001,0.6574,0.0018,200,1901.3901
0.6388,0.0000,0.0000,0.0001,0.6364,0.0022,200,1902.0494
0.6706,0.0000,0.0000,0.0000,0.6688,0.0017,200,1902.6882
0.6251,0.0000,0.0000,0.0001,0.6234,0.0016,200,1903.3588
0.5960,0.0000,0.0000,0.0001,0.5943,0.0016,200,1903.9839
0.6443,0.0000,0.0000,0.0001,0.6420,0.0022,200,1904.5800
0.6238,0.0000,0.0000,0.0001,0.6218,0.0018,200,1905.2242
0.6383,0.0000,0.0000,0.0001,0.6366,0.0015,200,1905.8480
0.6219,0.0000,0.0000,0.0001,0.6196,0.0022,200,1906.4863
0.6118,0.0000,0.0000,0.0001,0.6103,0.0014,200,1907.1082
0.6310,0.0000,0.0000,0.0001,0.6296,0.0013,200,1907.7200
0.6249,0.0000,0.0000,0.0001,0.6227,0.0018,200,1908.3510
0.6064,0.0000,0.0000,0.0001,0.6047,0.0016,200,1908.9759
0.6055,0.0000,0.0000,0.0001,0.6045,0.0009,200,1909.5824
0.6232,0.0000,0.0000,0.0000,0.6214,0.0017,200,1910.1879
0.6325,0.0000,0.0000,0.0001,0.6314,0.0011,200,1910.8110
0.6484,0.0000,0.0000,0.0001,0.6466,0.0016,200,1911.4436
0.6198,0.0000,0.0000,0.0000,0.6179,0.0017,200,1912.0920
0.6459,0.0000,0.0000,0.0001,0.6439,0.0019,200,1912.7118
0.6230,0.0000,0.0000,0.0001,0.6207,0.0021,200,1913.3577
0.6276,0.0000,0.0000,0.0001,0.6263,0.0011,200,1913.9807
0.6373,0.0000,0.0000,0.0000,0.6355,0.0017,200,1914.6083
0.6586,0.0000,0.0000,0.0001,0.6568,0.0017,200,1915.2456
0.6273,0.0000,0.0000,0.0001,0.6258,0.0014,200,1915.9042
0.6328,0.0000,0.0000,0.0001,0.6312,0.0014,200,1916.5315
0.6219,0.0000,0.0000,0.0000,0.6203,0.0014,200,1917.1643
0.6685,0.0000,0.0000,0.0001,0.6667,0.0016,200,1917.7862
0.6238,0.0000,0.0000,0.0001,0.6216,0.0020,200,1918.4546
0.6484,0.0000,0.0000,0.0001,0.6470,0.0013,200,1919.0784
0.6100,0.0000,0.0000,0.0001,0.6086,0.0013,200,1919.7269
0.6412,0.0000,0.0000,0.0001,0.6393,0.0018,200,1920.3369
0.6209,0.0000,0.0000,0.0001,0.6192,0.0016,200,1920.9780
0.6397,0.0000,0.0000,0.0001,0.6379,0.0017,200,1921.5990
0.6183,0.0000,0.0000,0.0001,0.6164,0.0017,200,1922.2387
0.6535,0.0000,0.0000,0.0001,0.6518,0.0015,200,1922.8570
0.6095,0.0000,0.0000,0.0001,0.6083,0.0011,200,1923.5105
0.6113,0.0000,0.0000,0.0001,0.6099,0.0013,200,1924.1201
0.6467,0.0000,0.0000,0.0001,0.6448,0.0017,200,1924.7314
0.9336,0.0000,0.0000,0.0001,0.9317,0.0017,200,1925.3780
0.6680,0.0000,0.0000,0.0001,0.6662,0.0017,200,1926.3116
0.6327,0.0000,0.0000,0.0001,0.6312,0.0014,200,1926.9796
0.6260,0.0000,0.0000,0.0001,0.6241,0.0017,200,1927.6123
0.6257,0.0000,0.0000,0.0001,0.6244,0.0012,200,1928.2384
0.6248,0.0000,0.0000,0.0000,0.6227,0.0020,200,1928.8641
0.6104,0.0000,0.0000,0.0001,0.6088,0.0014,200,1929.4889
0.6131,0.0000,0.0000,0.0001,0.6110,0.0018,200,1930.0993
0.6257,0.0000,0.0000,0.0001,0.6239,0.0017,200,1930.7124
0.6417,0.0000,0.0000,0.0001,0.6399,0.0017,200,1931.3381
0.6513,0.0000,0.0000,0.0001,0.6498,0.0014,200,1931.9798
0.6226,0.0000,0.0000,0.0001,0.6208,0.0017,200,1932.6311
0.6166,0.0000,0.0000,0.0001,0.6150,0.0015,200,1933.2538
0.6341,0.0000,0.0000,0.0001,0.6324,0.0016,200,1933.8704
0.6225,0.0000,0.0000,0.0001,0.6209,0.0015,200,1934.5045
0.6182,0.0000,0.0000,0.0000,0.6163,0.0018,200,1935.1271
0.6248,0.0000,0.0000,0.0001,0.6232,0.0015,200,1935.7453
0.6399,0.0000,0.0000,0.0001,0.6383,0.0015,200,1936.3701
0.6744,0.0000,0.0000,0.0001,0.6724,0.0019,200,1937.0100
0.6377,0.0000,0.0000,0.0001,0.6358,0.0017,200,1937.6844
0.6486,0.0000,0.0000,0.0001,0.6469,0.0016,200,1938.3221
0.6310,0.0000,0.0000,0.0001,0.6290,0.0017,200,1938.9707
0.6199,0.0000,0.0000,0.0001,0.6179,0.0019,200,1939.6017
0.6335,0.0000,0.0000,0.0001,0.6320,0.0015,200,1940.2217
0.6109,0.0000,0.0000,0.0001,0.6091,0.0017,200,1940.8552
0.6182,0.0000,0.0000,0.0001,0.6162,0.0019,200,1941.4662
0.6742,0.0000,0.0000,0.0002,0.6722,0.0018,200,1942.0843
0.6361,0.0000,0.0000,0.0001,0.6358,0.0002,200,1942.7585
0.5972,0.0000,0.0000,0.0001,0.5955,0.0016,200,1943.3946
0.6340,0.0000,0.0000,0.0000,0.6321,0.0017,200,1943.9919
0.6377,0.0000,0.0000,0.0001,0.6359,0.0017,200,1944.6258
0.6783,0.0000,0.0000,0.0001,0.6759,0.0022,200,1945.2636
0.6190,0.0000,0.0000,0.0001,0.6172,0.0017,200,1945.9419
0.6432,0.0000,0.0000,0.0001,0.6421,0.0010,200,1946.5609
0.6091,0.0000,0.0000,0.0001,0.6072,0.0017,200,1947.2041
0.6232,0.0000,0.0000,0.0001,0.6217,0.0013,200,1947.8132
0.6531,0.0000,0.0000,0.0001,0.6509,0.0021,200,1948.4363
0.6505,0.0000,0.0000,0.0001,0.6485,0.0019,200,1949.0895
0.6336,0.0000,0.0000,0.0001,0.6325,0.0010,200,1949.7400
0.6094,0.0000,0.0000,0.0000,0.6083,0.0011,200,1950.3736
0.6335,0.0000,0.0000,0.0001,0.6314,0.0020,200,1950.9830
0.6300,0.0000,0.0000,0.0001,0.6283,0.0016,200,1951.6165
0.6365,0.0000,0.0000,0.0000,0.6350,0.0013,200,1952.2465
0.6328,0.0000,0.0000,0.0001,0.6312,0.0015,200,1952.8830
0.6262,0.0000,0.0000,0.0001,0.6240,0.0021,200,1953.5158
0.6420,0.0000,0.0000,0.0001,0.6402,0.0017,200,1954.1420
0.6812,0.0000,0.0000,0.0002,0.6793,0.0017,200,1954.7840
0.6178,0.0000,0.0000,0.0001,0.6160,0.0016,200,1955.4652
0.6445,0.0000,0.0000,0.0001,0.6427,0.0016,200,1956.0830
0.6395,0.0000,0.0000,0.0001,0.6377,0.0016,200,1956.7275
0.6241,0.0000,0.0000,0.0001,0.6223,0.0016,200,1957.3670
0.6150,0.0000,0.0000,0.0001,0.6128,0.0021,200,1957.9910
0.6570,0.0000,0.0000,0.0000,0.6556,0.0013,200,1958.6060
0.6281,0.0000,0.0000,0.0001,0.6264,0.0016,200,1959.2631
0.6140,0.0000,0.0000,0.0001,0.6122,0.0017,200,1959.8912
0.6066,0.0000,0.0000,0.0001,0.6047,0.0018,200,1960.5052
0.6163,0.0000,0.0000,0.0001,0.6148,0.0014,200,1961.1118
0.6099,0.0000,0.0000,0.0001,0.6080,0.0018,200,1961.7281
0.6205,0.0000,0.0000,0.0001,0.6190,0.0014,200,1962.3381
0.6579,0.0000,0.0000,0.0001,0.6562,0.0016,200,1962.9585
0.6292,0.0000,0.0000,0.0002,0.6273,0.0016,200,1963.6165
0.6695,0.0000,0.0000,0.0001,0.6676,0.0017,200,1964.2456
0.6288,0.0000,0.0000,0.0001,0.6270,0.0017,200,1964.9151
0.6164,0.0000,0.0000,0.0001,0.6147,0.0016,200,1965.5439
0.6152,0.0000,0.0000,0.0001,0.6142,0.0009,200,1966.1603
0.6386,0.0000,0.0000,0.0000,0.6372,0.0014,200,1966.7755
0.6357,0.0000,0.0000,0.0001,0.6340,0.0016,200,1967.4141
0.6307,0.0000,0.0000,0.0001,0.6291,0.0015,200,1968.0499
0.6132,0.0000,0.0000,0.0001,0.6116,0.0013,200,1968.6806
0.6235,0.0000,0.0000,0.0001,0.6221,0.0013,200,1969.2938
0.6190,0.0000,0.0000,0.0000,0.6179,0.0010,200,1969.9173
0.6301,0.0000,0.0000,0.0000,0.6286,0.0014,200,1970.5363
0.6173,0.0000,0.0000,0.0001,0.6154,0.0018,200,1971.1663
0.6080,0.0000,0.0000,0.0001,0.6063,0.0016,200,1971.7836
0.6159,0.0000,0.0000,0.0001,0.6141,0.0017,200,1972.3917
0.6459,0.0000,0.0000,0.0001,0.6442,0.0016,200,1973.0076
0.6219,0.0000,0.0000,0.0001,0.6207,0.0011,200,1973.6535
0.6143,0.0000,0.0000,0.0001,0.6122,0.0020,200,1974.2753
0.6772,0.0000,0.0000,0.0001,0.6755,0.0016,200,1974.8896
0.6260,0.0000,0.0000,0.0000,0.6231,0.0028,200,1975.5669
0.6136,0.0000,0.0000,0.0001,0.6115,0.0020,200,1976.1929
0.6130,0.0000,0.0000,0.0001,0.6112,0.0017,200,1976.8065
0.6497,0.0000,0.0000,0.0001,0.6479,0.0017,200,1977.4196
0.6234,0.0000,0.0000,0.0001,0.6222,0.0011,200,1978.0693
0.6333,0.0000,0.0000,0.0001,0.6314,0.0018,200,1978.6927
0.6490,0.0000,0.0000,0.0001,0.6468,0.0021,200,1979.3260
0.6423,0.0000,0.0000,0.0001,0.6407,0.0015,200,1979.9750
0.6462,0.0000,0.0000,0.0000,0.6444,0.0017,200,1980.6173
0.6221,0.0000,0.0000,0.0001,0.6201,0.0019,200,1981.2635
0.6318,0.0000,0.0000,0.0000,0.6299,0.0018,200,1981.8856
0.6433,0.0000,0.0000,0.0001,0.6415,0.0017,200,1982.5175
0.6756,0.0000,0.0000,0.0001,0.6738,0.0017,200,1983.1608
0.6315,0.0000,0.0000,0.0001,0.6300,0.0014,200,1983.8364
0.6426,0.0000,0.0000,0.0001,0.6412,0.0013,200,1984.4679
0.6247,0.0000,0.0000,0.0001,0.6230,0.0016,200,1985.1105
0.6074,0.0000,0.0000,0.0001,0.6063,0.0010,200,1985.7352
0.6148,0.0000,0.0000,0.0000,0.6129,0.0019,200,1986.3427
0.6186,0.0000,0.0000,0.0001,0.6165,0.0020,200,1986.9575
0.6251,0.0000,0.0000,0.0001,0.6233,0.0017,200,1987.5761
0.6208,0.0000,0.0000,0.0001,0.6191,0.0016,200,1988.2013
0.6387,0.0000,0.0000,0.0001,0.6365,0.0022,200,1988.8220
0.6632,0.0000,0.0000,0.0001,0.6613,0.0017,200,1989.4608
0.6300,0.0000,0.0000,0.0001,0.6290,0.0009,200,1990.1240
0.6682,0.0000,0.0000,0.0000,0.6665,0.0017,200,1990.7540
0.6147,0.0000,0.0000,0.0001,0.6129,0.0016,200,1991.4222
0.6342,0.0000,0.0000,0.0001,0.6326,0.0015,200,1992.0369
0.6433,0.0000,0.0000,0.0001,0.6424,0.0008,200,1992.6711
0.6255,0.0000,0.0000,0.0001,0.6241,0.0012,200,1993.3144
0.6325,0.0000,0.0000,0.0001,0.6312,0.0012,200,1993.9399
0.6391,0.0000,0.0000,0.0003,0.6370,0.0016,200,1994.5724
0.6299,0.0000,0.0000,0.0001,0.6279,0.0019,200,1995.2115
0.6438,0.0000,0.0000,0.0001,0.6421,0.0016,200,1995.8414
0.6228,0.0000,0.0000,0.0001,0.6212,0.0015,200,1996.4852
0.6292,0.0000,0.0000,0.0001,0.6281,0.0011,200,1997.1080
0.6178,0.0000,0.0000,0.0000,0.6161,0.0016,200,1997.7372
0.6162,0.0000,0.0000,0.0001,0.6148,0.0014,200,1998.3550
0.6267,0.0000,0.0000,0.0000,0.6254,0.0012,200,1998.9712
0.6690,0.0000,0.0000,0.0001,0.6675,0.0014,200,1999.5979
0.6111,0.0000,0.0000,0.0001,0.6097,0.0012,200,2000.2669
0.6195,0.0000,0.0000,0.0001,0.6181,0.0012,200,2000.8780
0.6217,0.0000,0.0000,0.0000,0.6207,0.0010,200,2001.4975
0.6725,0.0000,0.0000,0.0001,0.6708,0.0016,200,2002.1193
0.6256,0.0000,0.0000,0.0001,0.6236,0.0019,200,2002.7918
0.6824,0.0000,0.0000,0.0001,0.6808,0.0014,200,2003.4174
0.6202,0.0000,0.0000,0.0001,0.6188,0.0013,200,2004.0998
0.6675,0.0000,0.0000,0.0001,0.6659,0.0015,200,2004.7200
0.6304,0.0000,0.0000,0.0001,0.6286,0.0017,200,2005.3875
0.6367,0.0000,0.0000,0.0001,0.6355,0.0011,200,2006.0180
0.6395,0.0000,0.0000,0.0001,0.6378,0.0016,200,2006.6546
0.6178,0.0000,0.0000,0.0001,0.6165,0.0012,200,2007.2941
0.6421,0.0000,0.0000,0.0000,0.6408,0.0012,200,2007.9119
0.6322,0.0000,0.0000,0.0001,0.6306,0.0015,200,2008.5541
0.6232,0.0000,0.0000,0.0000,0.6218,0.0012,200,2009.1863
0.6899,0.0000,0.0000,0.0000,0.6888,0.0010,200,2009.8095
0.6719,0.0000,0.0000,0.0000,0.6707,0.0012,200,2010.4994
0.6146,0.0000,0.0000,0.0000,0.6128,0.0017,200,2011.1714
0.6419,0.0000,0.0000,0.0001,0.6399,0.0018,200,2011.7860
0.6320,0.0000,0.0000,0.0001,0.6302,0.0017,200,2012.4278
0.6171,0.0000,0.0000,0.0000,0.6159,0.0012,200,2013.0598
0.6466,0.0000,0.0000,0.0001,0.6450,0.0015,200,2013.6769
0.6217,0.0000,0.0000,0.0001,0.6187,0.0029,200,2014.3236
1.5566,0.0000,0.0000,0.0001,1.5547,0.0018,200,2014.9453
0.6475,0.0000,0.0000,0.0001,0.6461,0.0013,200,2016.5019
0.6309,0.0000,0.0000,0.0000,0.6301,0.0008,200,2017.1494
0.6401,0.0000,0.0000,0.0000,0.6383,0.0018,200,2017.7804
0.6186,0.0000,0.0000,0.0001,0.6169,0.0014,200,2018.4205
0.6178,0.0000,0.0000,0.0001,0.6160,0.0017,200,2019.0391
0.6154,0.0000,0.0000,0.0001,0.6132,0.0021,200,2019.6569
0.6451,0.0000,0.0000,0.0001,0.6434,0.0016,200,2020.2723
0.6419,0.0000,0.0000,0.0001,0.6402,0.0017,200,2020.9174
0.6359,0.0000,0.0000,0.0001,0.6332,0.0025,200,2021.5593
0.6467,0.0000,0.0000,0.0001,0.6448,0.0017,200,2022.1952
0.6214,0.0000,0.0000,0.0001,0.6196,0.0016,200,2022.8419
0.6161,0.0000,0.0000,0.0001,0.6145,0.0015,200,2023.4633
0.6170,0.0000,0.0000,0.0001,0.6156,0.0013,200,2024.0794
0.6158,0.0000,0.0000,0.0003,0.6141,0.0014,200,2024.6964
0.6407,0.0000,0.0000,0.0001,0.6383,0.0023,200,2025.3122
0.6248,0.0000,0.0000,0.0001,0.6229,0.0018,200,2025.9529
0.6410,0.0000,0.0000,0.0001,0.6393,0.0015,200,2026.5777
0.6107,0.0000,0.0000,0.0001,0.6098,0.0007,200,2027.2187
0.6184,0.0000,0.0000,0.0000,0.6167,0.0017,200,2027.8294
0.6179,0.0000,0.0000,0.0000,0.6164,0.0014,200,2028.4478
0.6582,0.0000,0.0000,0.0001,0.6563,0.0018,200,2029.0657
0.6303,0.0000,0.0000,0.0001,0.6284,0.0017,200,2029.7239
0.6595,0.0000,0.0000,0.0001,0.6581,0.0014,200,2030.3542
0.6221,0.0000,0.0000,0.0000,0.6206,0.0013,200,2031.0137
0.6335,0.0000,0.0000,0.0001,0.6314,0.0019,200,2031.6358
0.6389,0.0000,0.0000,0.0001,0.6372,0.0017,200,2032.2692
0.6186,0.0000,0.0000,0.0001,0.6167,0.0018,200,2032.9082
0.6186,0.0000,0.0000,0.0001,0.6153,0.0030,200,2033.5267
0.6615,0.0000,0.0000,0.0001,0.6601,0.0013,200,2034.1453
0.6460,0.0000,0.0000,0.0001,0.6446,0.0013,200,2034.8069
0.6246,0.0000,0.0000,0.0001,0.6229,0.0015,200,2035.4529
0.6986,0.0000,0.0000,0.0001,0.6970,0.0014,200,2036.0775
0.6332,0.0000,0.0000,0.0001,0.6314,0.0017,200,2036.7761
0.6509,0.0000,0.0000,0.0001,0.6492,0.0016,200,2037.4093
0.6217,0.0000,0.0000,0.0000,0.6199,0.0016,200,2038.0602
0.6424,0.0000,0.0000,0.0001,0.6406,0.0017,200,2038.6819
0.6259,0.0000,0.0000,0.0000,0.6246,0.0012,200,2039.3244
0.6289,0.0000,0.0000,0.0000,0.6272,0.0016,200,2039.9503
0.6795,0.0000,0.0000,0.0000,0.6785,0.0009,200,2040.5792
0.6245,0.0000,0.0000,0.0001,0.6228,0.0016,200,2041.2587
0.6184,0.0000,0.0000,0.0001,0.6168,0.0015,200,2041.8833
0.6282,0.0000,0.0000,0.0001,0.6264,0.0017,200,2042.5017
0.6577,0.0000,0.0000,0.0001,0.6563,0.0013,200,2043.1299
0.6344,0.0000,0.0000,0.0000,0.6331,0.0013,200,2043.7876
0.6283,0.0000,0.0000,0.0001,0.6269,0.0013,200,2044.4221
0.8804,0.0000,0.0000,0.0000,0.8787,0.0017,200,2045.0504
0.6235,0.0000,0.0000,0.0000,0.6210,0.0023,200,2045.9309
0.9713,0.0000,0.0000,0.0001,0.9692,0.0020,200,2046.5543
0.6215,0.0000,0.0000,0.0001,0.6195,0.0019,200,2047.5256
0.6085,0.0000,0.0000,0.0000,0.6063,0.0022,200,2048.1471
0.6245,0.0000,0.0000,0.0001,0.6229,0.0014,200,2048.7557
0.6192,0.0000,0.0000,0.0000,0.6174,0.0017,200,2049.3802
0.6399,0.0000,0.0000,0.0001,0.6381,0.0017,200,2049.9994
0.6186,0.0000,0.0000,0.0000,0.6171,0.0014,200,2050.6393
0.6584,0.0000,0.0000,0.0001,0.6567,0.0016,200,2051.2579
0.6285,0.0000,0.0000,0.0001,0.6272,0.0012,200,2051.9163
0.6342,0.0000,0.0000,0.0001,0.6324,0.0016,200,2052.5448
0.6650,0.0000,0.0000,0.0001,0.6633,0.0016,200,2053.1790
0.6140,0.0000,0.0000,0.0000,0.6119,0.0020,200,2053.8440
0.6278,0.0000,0.0000,0.0001,0.6261,0.0016,200,2054.4580
0.6558,0.0000,0.0000,0.0001,0.6544,0.0012,200,2055.0858
0.6146,0.0000,0.0000,0.0001,0.6136,0.0009,200,2055.7416
0.6481,0.0000,0.0000,0.0000,0.6459,0.0021,200,2056.3562
0.6174,0.0000,0.0000,0.0000,0.6153,0.0020,200,2057.0042
0.7040,0.0000,0.0000,0.0001,0.7023,0.0015,200,2057.6216
0.6341,0.0000,0.0000,0.0001,0.6324,0.0016,200,2058.3256
0.6227,0.0000,0.0000,0.0001,0.6209,0.0017,200,2058.9597
0.6285,0.0000,0.0000,0.0001,0.6271,0.0013,200,2059.5824
0.6142,0.0000,0.0000,0.0001,0.6118,0.0023,200,2060.2109
0.6572,0.0000,0.0000,0.0001,0.6564,0.0007,200,2060.8251
0.6163,0.0000,0.0000,0.0000,0.6142,0.0021,200,2061.4823
0.6122,0.0000,0.0000,0.0001,0.6101,0.0021,200,2062.0986
0.6374,0.0000,0.0000,0.0001,0.6357,0.0016,200,2062.7108
0.6079,0.0000,0.0000,0.0001,0.6064,0.0014,200,2063.3483
0.6187,0.0000,0.0000,0.0001,0.6173,0.0012,200,2063.9562
0.6288,0.0000,0.0000,0.0000,0.6265,0.0023,200,2064.5749
0.6499,0.0000,0.0000,0.0001,0.6482,0.0016,200,2065.2037
0.6238,0.0000,0.0000,0.0001,0.6217,0.0019,200,2065.8536
0.6065,0.0000,0.0000,0.0001,0.6046,0.0018,200,2066.4774
0.6245,0.0000,0.0000,0.0001,0.6231,0.0013,200,2067.0839
0.6217,0.0000,0.0000,0.0001,0.6208,0.0008,200,2067.7083
0.6158,0.0000,0.0000,0.0000,0.6147,0.0011,200,2068.3300
0.6396,0.0000,0.0000,0.0001,0.6374,0.0021,200,2068.9458
0.6386,0.0000,0.0000,0.0000,0.6367,0.0018,200,2069.5854
0.6361,0.0000,0.0000,0.0001,0.6342,0.0017,200,2070.2240
0.6062,0.0000,0.0000,0.0001,0.6043,0.0018,200,2070.8600
0.6591,0.0000,0.0000,0.0001,0.6578,0.0012,200,2071.4662
0.6540,0.0000,0.0000,0.0001,0.6523,0.0015,200,2072.1253
0.6236,0.0000,0.0000,0.0001,0.6218,0.0017,200,2072.7793
0.6313,0.0000,0.0000,0.0001,0.6298,0.0014,200,2073.4030
0.6279,0.0000,0.0000,0.0001,0.6265,0.0013,200,2074.0343
0.6215,0.0000,0.0000,0.0000,0.6194,0.0020,200,2074.6622
0.6260,0.0000,0.0000,0.0002,0.6242,0.0015,200,2075.2837
0.6312,0.0000,0.0000,0.0001,0.6294,0.0017,200,2075.9097
0.6319,0.0000,0.0000,0.0002,0.6299,0.0018,200,2076.5409
0.6586,0.0000,0.0000,0.0000,0.6571,0.0014,200,2077.1728
0.6463,0.0000,0.0000,0.0001,0.6441,0.0021,200,2077.8314
0.6082,0.0000,0.0000,0.0001,0.6069,0.0012,200,2078.4777
0.6513,0.0000,0.0000,0.0001,0.6498,0.0015,200,2079.0859
0.6135,0.0000,0.0000,0.0001,0.6117,0.0017,200,2079.7373
0.6393,0.0000,0.0000,0.0001,0.6375,0.0016,200,2080.3508
0.6474,0.0000,0.0000,0.0001,0.6453,0.0021,200,2080.9901
0.6684,0.0000,0.0000,0.0001,0.6663,0.0020,200,2081.6376
0.6632,0.0000,0.0000,0.0001,0.6615,0.0016,200,2082.3059
0.6088,0.0000,0.0000,0.0001,0.6069,0.0018,200,2082.9691
0.6321,0.0000,0.0000,0.0001,0.6300,0.0020,200,2083.5780
0.6333,0.0000,0.0000,0.0001,0.6313,0.0019,200,2084.2101
0.6478,0.0000,0.0000,0.0001,0.6462,0.0016,200,2084.8434
0.6277,0.0000,0.0000,0.0000,0.6268,0.0008,200,2085.4912
0.5972,0.0000,0.0000,0.0001,0.5953,0.0018,200,2086.1189
0.6265,0.0000,0.0000,0.0001,0.6240,0.0024,200,2086.7161
0.6573,0.0000,0.0000,0.0001,0.6562,0.0010,200,2087.3426
0.6555,0.0000,0.0000,0.0000,0.6538,0.0016,200,2088.0000
0.6256,0.0000,0.0000,0.0001,0.6237,0.0018,200,2088.6555
0.6821,0.0000,0.0000,0.0001,0.6801,0.0019,200,2089.2811
0.6493,0.0000,0.0000,0.0001,0.6476,0.0015,200,2089.9631
0.6437,0.0000,0.0000,0.0001,0.6419,0.0017,200,2090.6125
0.6345,0.0000,0.0000,0.0001,0.6326,0.0018,200,2091.2562
0.7119,0.0000,0.0000,0.0001,0.7102,0.0016,200,2091.8906
0.6238,0.0000,0.0000,0.0001,0.6220,0.0016,200,2092.6025
0.6616,0.0000,0.0000,0.0001,0.6596,0.0019,200,2093.2263
0.6356,0.0000,0.0000,0.0001,0.6340,0.0015,200,2093.8879
0.6175,0.0000,0.0000,0.0001,0.6159,0.0015,200,2094.5235
0.6097,0.0000,0.0000,0.0001,0.6080,0.0016,200,2095.1411
0.6277,0.0000,0.0000,0.0001,0.6258,0.0017,200,2095.7508
0.6260,0.0000,0.0000,0.0001,0.6239,0.0019,200,2096.3784
0.6468,0.0000,0.0000,0.0003,0.6451,0.0013,200,2097.0044
0.6389,0.0000,0.0000,0.0001,0.6385,0.0003,200,2097.6512
0.6182,0.0000,0.0000,0.0001,0.6169,0.0012,200,2098.2902
0.6255,0.0000,0.0000,0.0000,0.6239,0.0016,200,2098.9084
0.6293,0.0000,0.0000,0.0001,0.6276,0.0015,200,2099.5339
0.6073,0.0000,0.0000,0.0001,0.6051,0.0021,200,2100.1632
0.6615,0.0000,0.0000,0.0001,0.6599,0.0015,200,2100.7705
0.6067,0.0000,0.0000,0.0001,0.6051,0.0015,200,2101.4320
0.6181,0.0000,0.0000,0.0001,0.6162,0.0016,200,2102.0388
0.6217,0.0000,0.0000,0.0000,0.6201,0.0015,200,2102.6569
0.6338,0.0000,0.0000,0.0001,0.6322,0.0015,200,2103.2785
0.6203,0.0000,0.0000,0.0001,0.6190,0.0012,200,2103.9124
0.6198,0.0000,0.0000,0.0001,0.6178,0.0018,200,2104.5327
0.6337,0.0000,0.0000,0.0002,0.6318,0.0016,200,2105.1525
0.6539,0.0000,0.0000,0.0001,0.6522,0.0016,200,2105.7862
0.6069,0.0000,0.0000,0.0001,0.6054,0.0014,200,2106.4401
0.6136,0.0000,0.0000,0.0001,0.6119,0.0015,200,2107.0470
0.6321,0.0000,0.0000,0.0001,0.6305,0.0015,200,2107.6606
0.6206,0.0000,0.0000,0.0001,0.6190,0.0015,200,2108.2928
0.7359,0.0000,0.0000,0.0001,0.7342,0.0015,200,2108.9134
0.6293,0.0000,0.0000,0.0001,0.6275,0.0016,200,2109.6492
0.6187,0.0000,0.0000,0.0001,0.6167,0.0019,200,2110.2785
0.6189,0.0000,0.0000,0.0001,0.6172,0.0016,200,2110.8972
0.6144,0.0000,0.0000,0.0001,0.6125,0.0018,200,2111.5162
0.6188,0.0000,0.0000,0.0001,0.6175,0.0012,200,2112.1306
0.5927,0.0000,0.0000,0.0001,0.5908,0.0017,200,2112.7495
0.6196,0.0000,0.0000,0.0001,0.6176,0.0020,200,2113.3422
0.6214,0.0000,0.0000,0.0001,0.6196,0.0016,200,2113.9618
0.6387,0.0000,0.0000,0.0001,0.6376,0.0011,200,2114.5831
0.6200,0.0000,0.0000,0.0001,0.6182,0.0017,200,2115.2219
0.6361,0.0000,0.0000,0.0001,0.6344,0.0016,200,2115.8419
0.6821,0.0000,0.0000,0.0001,0.6805,0.0015,200,2116.4780
0.6218,0.0000,0.0000,0.0001,0.6195,0.0021,200,2117.1601
0.6259,0.0000,0.0000,0.0001,0.6243,0.0015,200,2117.7819
0.6369,0.0000,0.0000,0.0001,0.6353,0.0015,200,2118.4078
0.6128,0.0000,0.0000,0.0001,0.6118,0.0008,200,2119.0447
0.6531,0.0000,0.0000,0.0000,0.6517,0.0014,200,2119.6575
0.6275,0.0000,0.0000,0.0001,0.6258,0.0015,200,2120.3106
0.6117,0.0000,0.0000,0.0001,0.6098,0.0017,200,2120.9381
0.6415,0.0000,0.0000,0.0001,0.6399,0.0016,200,2121.5498
0.6548,0.0000,0.0000,0.0001,0.6528,0.0018,200,2122.1913
0.6215,0.0000,0.0000,0.0001,0.6196,0.0016,200,2122.8461
0.6075,0.0000,0.0000,0.0001,0.6058,0.0015,200,2123.4676
0.6169,0.0000,0.0000,0.0001,0.6152,0.0016,200,2124.0750
0.6475,0.0000,0.0000,0.0001,0.6456,0.0017,200,2124.6919
0.6461,0.0000,0.0000,0.0001,0.6438,0.0022,200,2125.3394
0.6251,0.0000,0.0000,0.0001,0.6233,0.0017,200,2125.9855
0.6276,0.0000,0.0000,0.0001,0.6256,0.0019,200,2126.6106
0.6177,0.0000,0.0000,0.0001,0.6159,0.0017,200,2127.2382
0.6329,0.0000,0.0000,0.0001,0.6308,0.0020,200,2127.8559
0.6146,0.0000,0.0000,0.0001,0.6132,0.0012,200,2128.4888
0.6620,0.0000,0.0000,0.0001,0.6601,0.0018,200,2129.1034
0.6307,0.0000,0.0000,0.0000,0.6290,0.0016,200,2129.7654
0.6341,0.0000,0.0000,0.0001,0.6323,0.0016,200,2130.3961
0.6260,0.0000,0.0000,0.0001,0.6246,0.0013,200,2131.0302
0.6260,0.0000,0.0000,0.0001,0.6247,0.0012,200,2131.6562
0.6348,0.0000,0.0000,0.0001,0.6331,0.0015,200,2132.2821
0.6499,0.0000,0.0000,0.0001,0.6483,0.0015,200,2132.9169
0.6259,0.0000,0.0000,0.0001,0.6240,0.0017,200,2133.5668
0.6090,0.0000,0.0000,0.0001,0.6075,0.0014,200,2134.1927
0.6278,0.0000,0.0000,0.0000,0.6259,0.0019,200,2134.8017
0.6315,0.0000,0.0000,0.0001,0.6297,0.0017,200,2135.4295
0.6139,0.0000,0.0000,0.0002,0.6125,0.0012,200,2136.0610
0.6145,0.0000,0.0000,0.0001,0.6127,0.0017,200,2136.6749
0.6190,0.0000,0.0000,0.0001,0.6174,0.0015,200,2137.2895
0.6316,0.0000,0.0000,0.0001,0.6297,0.0018,200,2137.9085
0.6358,0.0000,0.0000,0.0001,0.6341,0.0016,200,2138.5401
0.6308,0.0000,0.0000,0.0001,0.6290,0.0016,200,2139.1759
0.6043,0.0000,0.0000,0.0001,0.6029,0.0013,200,2139.8067
0.6039,0.0000,0.0000,0.0001,0.6024,0.0014,200,2140.4110
0.6141,0.0000,0.0000,0.0001,0.6123,0.0017,200,2141.0149
0.6203,0.0000,0.0000,0.0001,0.6182,0.0019,200,2141.6290
0.6229,0.0000,0.0000,0.0001,0.6211,0.0017,200,2142.2493
0.6248,0.0000,0.0000,0.0001,0.6228,0.0018,200,2142.8722
0.6420,0.0000,0.0000,0.0001,0.6401,0.0016,200,2143.4970
0.6636,0.0000,0.0000,0.0001,0.6622,0.0012,200,2144.1390
0.6498,0.0000,0.0000,0.0000,0.6488,0.0010,200,2144.8025
0.6440,0.0000,0.0000,0.0001,0.6421,0.0018,200,2145.4524
0.6370,0.0000,0.0000,0.0001,0.6326,0.0041,200,2146.0964
0.6703,0.0000,0.0000,0.0001,0.6688,0.0014,200,2146.7334
0.6750,0.0000,0.0000,0.0001,0.6731,0.0018,200,2147.4038
0.6285,0.0000,0.0000,0.0001,0.6268,0.0015,200,2148.0788
0.6079,0.0000,0.0000,0.0001,0.6063,0.0016,200,2148.7073
0.6229,0.0000,0.0000,0.0001,0.6216,0.0012,200,2149.3152
0.6241,0.0000,0.0000,0.0000,0.6221,0.0019,200,2149.9381
0.6195,0.0000,0.0000,0.0001,0.6177,0.0016,200,2150.5622
0.7837,0.0000,0.0000,0.0001,0.7818,0.0018,200,2151.1817
0.6169,0.0000,0.0000,0.0001,0.6154,0.0013,200,2151.9654
0.6319,0.0000,0.0000,0.0001,0.6299,0.0018,200,2152.5823
0.6292,0.0000,0.0000,0.0001,0.6278,0.0013,200,2153.2142
0.5989,0.0000,0.0000,0.0000,0.5968,0.0020,200,2153.8434
0.6530,0.0000,0.0000,0.0001,0.6512,0.0017,200,2154.4423
0.6477,0.0000,0.0000,0.0001,0.6458,0.0018,200,2155.0953
0.6429,0.0000,0.0000,0.0001,0.6411,0.0016,200,2155.7430
0.6127,0.0000,0.0000,0.0001,0.6107,0.0019,200,2156.3859
0.6340,0.0000,0.0000,0.0001,0.6323,0.0016,200,2156.9986
0.6688,0.0000,0.0000,0.0001,0.6680,0.0007,200,2157.6327
0.6398,0.0000,0.0000,0.0000,0.6379,0.0019,200,2158.3014
0.6267,0.0000,0.0000,0.0001,0.6239,0.0026,200,2158.9412
0.6255,0.0000,0.0000,0.0001,0.6234,0.0020,200,2159.5680
0.6430,0.0000,0.0000,0.0001,0.6415,0.0013,200,2160.1935
0.6518,0.0000,0.0000,0.0001,0.6501,0.0015,200,2160.8365
0.6334,0.0000,0.0000,0.0001,0.6317,0.0016,200,2161.4883
0.6218,0.0000,0.0000,0.0001,0.6202,0.0015,200,2162.1217
0.6198,0.0000,0.0000,0.0001,0.6181,0.0015,200,2162.7434
0.6396,0.0000,0.0000,0.0000,0.6380,0.0015,200,2163.3633
0.6510,0.0000,0.0000,0.0001,0.6494,0.0015,200,2164.0029
0.6157,0.0000,0.0000,0.0001,0.6140,0.0016,200,2164.6539
0.6216,0.0000,0.0000,0.0000,0.6197,0.0017,200,2165.2696
0.6382,0.0000,0.0000,0.0001,0.6364,0.0017,200,2165.8912
0.6239,0.0000,0.0000,0.0001,0.6221,0.0016,200,2166.5294
0.6267,0.0000,0.0000,0.0001,0.6244,0.0022,200,2167.1533
0.6603,0.0000,0.0000,0.0001,0.6584,0.0018,200,2167.7799
0.6328,0.0000,0.0000,0.0001,0.6316,0.0011,200,2168.4402
0.6346,0.0000,0.0000,0.0001,0.6335,0.0010,200,2169.0730
0.6189,0.0000,0.0000,0.0000,0.6171,0.0017,200,2169.7076
0.6236,0.0000,0.0000,0.0001,0.6217,0.0018,200,2170.3265
0.6263,0.0000,0.0000,0.0001,0.6246,0.0015,200,2170.9501
0.6302,0.0000,0.0000,0.0001,0.6285,0.0016,200,2171.5763
0.6253,0.0000,0.0000,0.0001,0.6237,0.0014,200,2172.2065
0.6228,0.0000,0.0000,0.0000,0.6209,0.0018,200,2172.8318
0.6083,0.0000,0.0000,0.0001,0.6066,0.0016,200,2173.4546
0.6610,0.0000,0.0000,0.0001,0.6594,0.0015,200,2174.0629
0.6203,0.0000,0.0000,0.0001,0.6184,0.0018,200,2174.7239
0.6328,0.0000,0.0000,0.0001,0.6312,0.0015,200,2175.3442
0.6493,0.0000,0.0000,0.0001,0.6476,0.0015,200,2175.9770
0.6437,0.0000,0.0000,0.0001,0.6413,0.0023,200,2176.6263
0.6225,0.0000,0.0000,0.0001,0.6214,0.0010,200,2177.2700
0.6462,0.0000,0.0000,0.0001,0.6446,0.0012,200,2177.8925
0.6536,0.0000,0.0000,0.0000,0.6519,0.0016,200,2178.5386
0.6108,0.0000,0.0000,0.0001,0.6095,0.0013,200,2179.1922
0.5982,0.0000,0.0000,0.0001,0.5963,0.0018,200,2179.8030
0.6188,0.0000,0.0000,0.0001,0.6178,0.0009,200,2180.4013
0.6063,0.0000,0.0000,0.0000,0.6045,0.0017,200,2181.0201
0.6228,0.0000,0.0000,0.0000,0.6211,0.0016,200,2181.6263
0.6668,0.0000,0.0000,0.0001,0.6644,0.0022,200,2182.2492
0.6379,0.0000,0.0000,0.0001,0.6354,0.0023,200,2182.9159
0.7117,0.0000,0.0000,0.0001,0.7095,0.0022,200,2183.5538
0.6633,0.0000,0.0000,0.0001,0.6621,0.0011,200,2184.2656
0.6642,0.0000,0.0000,0.0001,0.6624,0.0017,200,2184.9289
0.6518,0.0000,0.0000,0.0001,0.6503,0.0014,200,2185.5931
0.6462,0.0000,0.0000,0.0001,0.6444,0.0017,200,2186.2449
0.6436,0.0000,0.0000,0.0001,0.6427,0.0008,200,2186.8911
0.6648,0.0000,0.0000,0.0000,0.6635,0.0013,200,2187.5347
0.6643,0.0000,0.0000,0.0001,0.6625,0.0017,200,2188.1995
0.6360,0.0000,0.0000,0.0001,0.6344,0.0016,200,2188.8638
0.6402,0.0000,0.0000,0.0001,0.6382,0.0018,200,2189.4998
0.6215,0.0000,0.0000,0.0000,0.6212,0.0002,200,2190.1401
0.6165,0.0000,0.0000,0.0001,0.6154,0.0010,200,2190.7616
0.6327,0.0000,0.0000,0.0000,0.6312,0.0014,200,2191.3781
0.6496,0.0000,0.0000,0.0001,0.6489,0.0006,200,2192.0108
0.6064,0.0000,0.0000,0.0000,0.6050,0.0014,200,2192.6604
0.6697,0.0000,0.0000,0.0001,0.6679,0.0016,200,2193.2668
0.6356,0.0000,0.0000,0.0001,0.6338,0.0017,200,2193.9365
0.6617,0.0000,0.0000,0.0001,0.6599,0.0017,200,2194.5720
0.6545,0.0000,0.0000,0.0001,0.6527,0.0017,200,2195.2337
0.6795,0.0000,0.0000,0.0001,0.6773,0.0021,200,2195.8882
0.6399,0.0000,0.0000,0.0001,0.6385,0.0013,200,2196.5678
0.6293,0.0000,0.0000,0.0001,0.6270,0.0022,200,2197.2077
0.6819,0.0000,0.0000,0.0001,0.6803,0.0014,200,2197.8370
0.6249,0.0000,0.0000,0.0001,0.6233,0.0015,200,2198.5189
0.6876,0.0000,0.0000,0.0001,0.6862,0.0013,200,2199.1438
0.6217,0.0000,0.0000,0.0001,0.6191,0.0024,200,2199.8314
0.6420,0.0000,0.0000,0.0001,0.6406,0.0013,200,2200.4530
0.6679,0.0000,0.0000,0.0001,0.6670,0.0008,200,2201.0950
0.6180,0.0000,0.0000,0.0001,0.6164,0.0015,200,2201.7629
0.6211,0.0000,0.0000,0.0001,0.6194,0.0016,200,2202.3809
0.6262,0.0000,0.0000,0.0001,0.6244,0.0017,200,2203.0020
0.6979,0.0000,0.0000,0.0001,0.6965,0.0014,200,2203.6282
0.6434,0.0000,0.0000,0.0001,0.6425,0.0007,200,2204.3262
0.6535,0.0000,0.0000,0.0000,0.6522,0.0013,200,2204.9696
0.6361,0.0000,0.0000,0.0001,0.6344,0.0016,200,2205.6231
0.6307,0.0000,0.0000,0.0001,0.6286,0.0020,200,2206.2592
0.6662,0.0000,0.0000,0.0001,0.6645,0.0016,200,2206.8899
0.6521,0.0000,0.0000,0.0001,0.6507,0.0012,200,2207.5561
0.6358,0.0000,0.0000,0.0001,0.6344,0.0013,200,2208.2082
0.6644,0.0000,0.0000,0.0001,0.6625,0.0018,200,2208.8439
0.6334,0.0000,0.0000,0.0001,0.6324,0.0008,200,2209.5084
0.6011,0.0000,0.0000,0.0000,0.6000,0.0010,200,2210.1418
0.6115,0.0000,0.0000,0.0000,0.6095,0.0019,200,2210.7429
0.6260,0.0000,0.0000,0.0001,0.6241,0.0018,200,2211.3544
0.6485,0.0000,0.0000,0.0001,0.6472,0.0011,200,2211.9804
0.6055,0.0000,0.0000,0.0001,0.6041,0.0013,200,2212.6289
0.6591,0.0000,0.0000,0.0001,0.6575,0.0015,200,2213.2344
0.6047,0.0000,0.0000,0.0001,0.6032,0.0014,200,2213.8935
0.7057,0.0000,0.0000,0.0001,0.7038,0.0017,200,2214.4982
0.6525,0.0000,0.0000,0.0000,0.6508,0.0016,200,2215.2039
0.6190,0.0000,0.0000,0.0001,0.6177,0.0013,200,2215.8564
0.6462,0.0000,0.0000,0.0001,0.6443,0.0018,200,2216.4754
0.6341,0.0000,0.0000,0.0001,0.6326,0.0014,200,2217.1216
0.6493,0.0000,0.0000,0.0001,0.6489,0.0002,200,2217.7558
0.6588,0.0000,0.0000,0.0000,0.6568,0.0019,200,2218.4050
0.6634,0.0000,0.0000,0.0001,0.6594,0.0039,200,2219.0638
0.6490,0.0000,0.0000,0.0001,0.6476,0.0013,200,2219.7272
0.6275,0.0000,0.0000,0.0001,0.6257,0.0016,200,2220.3762
0.6419,0.0000,0.0000,0.0001,0.6402,0.0016,200,2221.0037
0.6624,0.0000,0.0000,0.0001,0.6606,0.0017,200,2221.6456
0.6278,0.0000,0.0000,0.0001,0.6271,0.0005,200,2222.3080
0.6745,0.0000,0.0000,0.0000,0.6729,0.0016,200,2222.9358
0.6370,0.0000,0.0000,0.0001,0.6360,0.0009,200,2223.6103
0.6182,0.0000,0.0000,0.0000,0.6166,0.0016,200,2224.2473
0.6580,0.0000,0.0000,0.0001,0.6557,0.0022,200,2224.8655
0.6239,0.0000,0.0000,0.0001,0.6223,0.0014,200,2225.5235
0.6329,0.0000,0.0000,0.0000,0.6311,0.0017,200,2226.1473
0.6243,0.0000,0.0000,0.0001,0.6224,0.0017,200,2226.7802
0.6132,0.0000,0.0000,0.0001,0.6110,0.0020,200,2227.4045
0.6472,0.0000,0.0000,0.0001,0.6462,0.0008,200,2228.0177
0.6627,0.0000,0.0000,0.0000,0.6607,0.0020,200,2228.6649
0.6516,0.0000,0.0000,0.0001,0.6496,0.0018,200,2229.3276
0.6689,0.0000,0.0000,0.0001,0.6678,0.0010,200,2229.9791
0.6537,0.0000,0.0000,0.0001,0.6515,0.0020,200,2230.6480
0.6762,0.0000,0.0000,0.0001,0.6746,0.0015,200,2231.3017
0.6216,0.0000,0.0000,0.0001,0.6200,0.0016,200,2231.9779
0.6569,0.0000,0.0000,0.0001,0.6554,0.0014,200,2232.5996
0.6363,0.0000,0.0000,0.0000,0.6340,0.0023,200,2233.2564
0.6535,0.0000,0.0000,0.0001,0.6513,0.0021,200,2233.8928
0.6389,0.0000,0.0000,0.0001,0.6370,0.0018,200,2234.5463
0.6762,0.0000,0.0000,0.0001,0.6732,0.0028,200,2235.1852
0.6382,0.0000,0.0000,0.0001,0.6365,0.0015,200,2235.8614
0.6295,0.0000,0.0000,0.0001,0.6275,0.0018,200,2236.4995
0.6433,0.0000,0.0000,0.0000,0.6416,0.0016,200,2237.1290
0.6279,0.0000,0.0000,0.0001,0.6266,0.0011,200,2237.7723
0.6393,0.0000,0.0000,0.0001,0.6376,0.0016,200,2238.4001
0.6355,0.0000,0.0000,0.0001,0.6334,0.0021,200,2239.0395
0.6608,0.0000,0.0000,0.0001,0.6594,0.0013,200,2239.6750
0.6512,0.0000,0.0000,0.0001,0.6500,0.0011,200,2240.3358
0.6841,0.0000,0.0000,0.0001,0.6824,0.0015,200,2240.9871
0.6346,0.0000,0.0000,0.0001,0.6332,0.0012,200,2241.6712
0.6111,0.0000,0.0000,0.0001,0.6084,0.0025,200,2242.3057
0.6506,0.0000,0.0000,0.0001,0.6489,0.0016,200,2242.9169
0.6443,0.0000,0.0000,0.0001,0.6425,0.0016,200,2243.5675
0.6284,0.0000,0.0000,0.0001,0.6268,0.0014,200,2244.2117
0.6394,0.0000,0.0000,0.0001,0.6379,0.0014,200,2244.8402
0.6501,0.0000,0.0000,0.0001,0.6483,0.0017,200,2245.4796
0.6299,0.0000,0.0000,0.0001,0.6283,0.0015,200,2246.1297
0.6523,0.0000,0.0000,0.0001,0.6506,0.0016,200,2246.7597
0.6343,0.0000,0.0000,0.0001,0.6324,0.0018,200,2247.4119
0.6328,0.0000,0.0000,0.0001,0.6319,0.0008,200,2248.0462
0.6454,0.0000,0.0000,0.0000,0.6443,0.0011,200,2248.6790
0.6140,0.0000,0.0000,0.0001,0.6126,0.0012,200,2249.3244
0.6731,0.0000,0.0000,0.0001,0.6717,0.0013,200,2249.9385
0.6334,0.0000,0.0000,0.0001,0.6318,0.0015,200,2250.6115
0.6101,0.0000,0.0000,0.0001,0.6085,0.0014,200,2251.2450
0.6486,0.0000,0.0000,0.0000,0.6468,0.0017,200,2251.8551
0.6046,0.0000,0.0000,0.0000,0.6027,0.0018,200,2252.5037
0.6338,0.0000,0.0000,0.0001,0.6325,0.0012,200,2253.1083
0.6423,0.0000,0.0000,0.0000,0.6398,0.0024,200,2253.7421
0.6664,0.0000,0.0000,0.0002,0.6645,0.0016,200,2254.3844
0.6528,0.0000,0.0000,0.0001,0.6508,0.0019,200,2255.0508
0.6547,0.0000,0.0000,0.0001,0.6517,0.0029,200,2255.7036
0.6742,0.0000,0.0000,0.0001,0.6722,0.0019,200,2256.3583
0.6999,0.0000,0.0000,0.0003,0.6975,0.0021,200,2257.0325
0.6371,0.0000,0.0000,0.0001,0.6350,0.0019,200,2257.7325
0.6096,0.0000,0.0000,0.0001,0.6079,0.0016,200,2258.3696
0.6706,0.0000,0.0000,0.0001,0.6688,0.0017,200,2258.9793
0.6819,0.0000,0.0000,0.0001,0.6800,0.0018,200,2259.6498
0.6345,0.0000,0.0000,0.0001,0.6329,0.0013,200,2260.3317
0.6294,0.0000,0.0000,0.0001,0.6276,0.0016,200,2260.9662
0.6078,0.0000,0.0000,0.0001,0.6058,0.0019,200,2261.5956
0.6195,0.0000,0.0000,0.0001,0.6177,0.0016,200,2262.2034
0.6254,0.0000,0.0000,0.0001,0.6236,0.0018,200,2262.8229
0.6317,0.0000,0.0000,0.0001,0.6300,0.0016,200,2263.4484
0.6521,0.0000,0.0000,0.0000,0.6504,0.0016,200,2264.0801
0.6535,0.0000,0.0000,0.0001,0.6512,0.0021,200,2264.7322
0.6464,0.0000,0.0000,0.0001,0.6443,0.0020,200,2265.3857
0.6521,0.0000,0.0000,0.0001,0.6512,0.0008,200,2266.0321
0.6441,0.0000,0.0000,0.0001,0.6423,0.0017,200,2266.6842
0.6295,0.0000,0.0000,0.0001,0.6279,0.0015,200,2267.3283
0.6095,0.0000,0.0000,0.0000,0.6076,0.0017,200,2267.9579
0.6627,0.0000,0.0000,0.0001,0.6609,0.0017,200,2268.5674
0.6296,0.0000,0.0000,0.0000,0.6279,0.0016,200,2269.2301
0.6413,0.0000,0.0000,0.0001,0.6402,0.0010,200,2269.8597
0.6592,0.0000,0.0000,0.0000,0.6577,0.0014,200,2270.5010
0.6536,0.0000,0.0000,0.0001,0.6521,0.0014,200,2271.1601
0.6338,0.0000,0.0000,0.0001,0.6320,0.0017,200,2271.8137
0.6103,0.0000,0.0000,0.0000,0.6085,0.0017,200,2272.4475
0.6256,0.0000,0.0000,0.0001,0.6236,0.0019,200,2273.0578
0.6211,0.0000,0.0000,0.0001,0.6190,0.0020,200,2273.6834
0.6338,0.0000,0.0000,0.0001,0.6318,0.0019,200,2274.3045
0.6449,0.0000,0.0000,0.0000,0.6434,0.0014,200,2274.9383
0.6356,0.0000,0.0000,0.0001,0.6339,0.0015,200,2275.5833
0.6333,0.0000,0.0000,0.0000,0.6316,0.0016,200,2276.2189
0.6435,0.0000,0.0000,0.0003,0.6419,0.0012,200,2276.8523
0.6309,0.0000,0.0000,0.0000,0.6291,0.0018,200,2277.4958
0.6447,0.0000,0.0000,0.0001,0.6435,0.0012,200,2278.1267
0.6242,0.0000,0.0000,0.0001,0.6224,0.0017,200,2278.7714
0.6613,0.0000,0.0000,0.0001,0.6598,0.0014,200,2279.3956
0.6207,0.0000,0.0000,0.0001,0.6191,0.0015,200,2280.0569
0.7048,0.0000,0.0000,0.0001,0.7037,0.0009,200,2280.6776
0.6352,0.0000,0.0000,0.0001,0.6335,0.0016,200,2281.3824
0.6294,0.0000,0.0000,0.0001,0.6278,0.0015,200,2282.0176
0.6268,0.0000,0.0000,0.0001,0.6254,0.0013,200,2282.6471
0.6555,0.0000,0.0000,0.0001,0.6536,0.0017,200,2283.2738
0.6274,0.0000,0.0000,0.0001,0.6257,0.0016,200,2283.9293
0.6538,0.0000,0.0000,0.0001,0.6526,0.0009,200,2284.5566
0.6360,0.0000,0.0000,0.0000,0.6341,0.0018,200,2285.2105
0.6233,0.0000,0.0000,0.0001,0.6221,0.0011,200,2285.8465
0.7047,0.0000,0.0000,0.0000,0.7033,0.0012,200,2286.4698
0.6415,0.0000,0.0000,0.0001,0.6367,0.0047,200,2287.1745
0.6468,0.0000,0.0000,0.0001,0.6447,0.0019,200,2287.8160
0.6285,0.0000,0.0000,0.0001,0.6267,0.0017,200,2288.4628
0.6623,0.0000,0.0000,0.0001,0.6606,0.0016,200,2289.0913
0.6303,0.0000,0.0000,0.0001,0.6287,0.0014,200,2289.7536
0.6299,0.0000,0.0000,0.0001,0.6285,0.0013,200,2290.3838
0.6203,0.0000,0.0000,0.0000,0.6186,0.0015,200,2291.0137
0.6163,0.0000,0.0000,0.0001,0.6142,0.0020,200,2291.6340
0.6450,0.0000,0.0000,0.0001,0.6437,0.0012,200,2292.2503
0.6246,0.0000,0.0000,0.0000,0.6211,0.0034,200,2292.8953
0.6648,0.0000,0.0000,0.0001,0.6629,0.0018,200,2293.5199
0.6151,0.0000,0.0000,0.0001,0.6131,0.0016,200,2294.1848
0.6276,0.0000,0.0000,0.0001,0.6263,0.0012,200,2294.7999
0.6408,0.0000,0.0000,0.0001,0.6392,0.0014,200,2295.4275
0.6473,0.0000,0.0000,0.0001,0.6456,0.0015,200,2296.0683
0.6317,0.0000,0.0000,0.0001,0.6302,0.0013,200,2296.7156
0.6536,0.0000,0.0000,0.0000,0.6522,0.0014,200,2297.3472
0.6405,0.0000,0.0000,0.0001,0.6383,0.0020,200,2298.0009
0.6229,0.0000,0.0000,0.0001,0.6207,0.0021,200,2298.6413
0.6170,0.0000,0.0000,0.0002,0.6148,0.0019,200,2299.2643
0.6255,0.0000,0.0000,0.0000,0.6242,0.0012,200,2299.8812
0.6748,0.0000,0.0000,0.0000,0.6729,0.0019,200,2300.5067
0.6793,0.0000,0.0000,0.0001,0.6774,0.0017,200,2301.1815
0.6429,0.0000,0.0000,0.0001,0.6410,0.0018,200,2301.8609
0.6220,0.0000,0.0000,0.0001,0.6201,0.0018,200,2302.5037
0.6482,0.0000,0.0000,0.0001,0.6459,0.0022,200,2303.1257
0.6232,0.0000,0.0000,0.0001,0.6215,0.0016,200,2303.7740
0.6306,0.0000,0.0000,0.0000,0.6288,0.0017,200,2304.3972
0.6446,0.0000,0.0000,0.0001,0.6432,0.0014,200,2305.0279
0.6393,0.0000,0.0000,0.0001,0.6384,0.0008,200,2305.6725
0.6312,0.0000,0.0000,0.0001,0.6293,0.0018,200,2306.3118
0.6438,0.0000,0.0000,0.0001,0.6424,0.0013,200,2306.9430
0.6325,0.0000,0.0000,0.0001,0.6307,0.0016,200,2307.5868
0.6330,0.0000,0.0000,0.0001,0.6328,0.0002,200,2308.2193
0.6551,0.0000,0.0000,0.0000,0.6532,0.0018,200,2308.8523
0.6490,0.0000,0.0000,0.0001,0.6467,0.0021,200,2309.5075
0.6132,0.0000,0.0000,0.0001,0.6113,0.0017,200,2310.1564
0.6230,0.0000,0.0000,0.0001,0.6208,0.0021,200,2310.7696
0.6516,0.0000,0.0000,0.0001,0.6498,0.0017,200,2311.3926
0.6303,0.0000,0.0000,0.0001,0.6288,0.0014,200,2312.0442
0.6187,0.0000,0.0000,0.0001,0.6170,0.0015,200,2312.6745
0.6445,0.0000,0.0000,0.0002,0.6427,0.0015,200,2313.2932
0.6181,0.0000,0.0000,0.0001,0.6165,0.0014,200,2313.9377
0.6309,0.0000,0.0000,0.0001,0.6296,0.0012,200,2314.5558
0.6191,0.0000,0.0000,0.0001,0.6174,0.0016,200,2315.1867
0.6230,0.0000,0.0000,0.0001,0.6214,0.0015,200,2315.8058
0.6447,0.0000,0.0000,0.0001,0.6428,0.0018,200,2316.4288
0.6336,0.0000,0.0000,0.0001,0.6316,0.0019,200,2317.0736
0.6563,0.0000,0.0000,0.0001,0.6546,0.0016,200,2317.7072
0.6335,0.0000,0.0000,0.0001,0.6320,0.0013,200,2318.3635
0.6370,0.0000,0.0000,0.0001,0.6347,0.0022,200,2318.9970
0.6295,0.0000,0.0000,0.0001,0.6280,0.0014,200,2319.6339
0.6108,0.0000,0.0000,0.0001,0.6090,0.0017,200,2320.2634
0.6315,0.0000,0.0000,0.0001,0.6296,0.0017,200,2320.8743
0.6401,0.0000,0.0000,0.0001,0.6378,0.0021,200,2321.5057
0.6361,0.0000,0.0000,0.0001,0.6343,0.0016,200,2322.1458
0.6243,0.0000,0.0000,0.0001,0.6231,0.0010,200,2322.7819
0.6142,0.0000,0.0000,0.0001,0.6120,0.0021,200,2323.4062
0.6430,0.0000,0.0000,0.0001,0.6411,0.0018,200,2324.0203
0.6442,0.0000,0.0000,0.0001,0.6428,0.0013,200,2324.6634
0.6167,0.0000,0.0000,0.0001,0.6146,0.0020,200,2325.3076
0.6561,0.0000,0.0000,0.0001,0.6541,0.0018,200,2325.9243
0.6132,0.0000,0.0000,0.0001,0.6110,0.0021,200,2326.5804
0.6386,0.0000,0.0000,0.0001,0.6368,0.0017,200,2327.1936
0.6534,0.0000,0.0000,0.0001,0.6516,0.0016,200,2327.8322
0.6077,0.0000,0.0000,0.0001,0.6056,0.0019,200,2328.4856
0.6557,0.0000,0.0000,0.0001,0.6539,0.0017,200,2329.0933
0.6413,0.0000,0.0000,0.0001,0.6401,0.0010,200,2329.7490
0.5921,0.0000,0.0000,0.0000,0.5911,0.0010,200,2330.3903
0.6029,0.0000,0.0000,0.0000,0.6011,0.0017,200,2330.9824
0.6210,0.0000,0.0000,0.0001,0.6194,0.0015,200,2331.5853
0.6291,0.0000,0.0000,0.0001,0.6265,0.0024,200,2332.2064
0.7704,0.0000,0.0000,0.0001,0.7689,0.0013,200,2332.8354
0.6201,0.0000,0.0000,0.0001,0.6178,0.0022,200,2333.6058
0.6235,0.0000,0.0000,0.0001,0.6227,0.0007,200,2334.2258
0.6758,0.0000,0.0000,0.0000,0.6741,0.0017,200,2334.8494
0.6150,0.0000,0.0000,0.0001,0.6132,0.0017,200,2335.5252
0.6150,0.0000,0.0000,0.0001,0.6132,0.0017,200,2336.1402
0.6327,0.0000,0.0000,0.0001,0.6308,0.0017,200,2336.7552
0.6121,0.0000,0.0000,0.0001,0.6108,0.0011,200,2337.3879
0.6907,0.0000,0.0000,0.0001,0.6898,0.0008,200,2338.0000
0.6335,0.0000,0.0000,0.0001,0.6313,0.0014,200,2338.6907
0.6441,0.0000,0.0000,0.0001,0.6425,0.0015,200,2339.3242
0.5910,0.0000,0.0000,0.0001,0.5892,0.0017,200,2339.9683
0.6235,0.0000,0.0000,0.0001,0.6205,0.0029,200,2340.5593
0.6297,0.0000,0.0000,0.0001,0.6283,0.0011,200,2341.1828
0.6223,0.0000,0.0000,0.0001,0.6205,0.0017,200,2341.8125
0.6050,0.0000,0.0000,0.0001,0.6030,0.0019,200,2342.4348
0.6284,0.0000,0.0000,0.0001,0.6271,0.0012,200,2343.0398
0.6364,0.0000,0.0000,0.0001,0.6344,0.0019,200,2343.6682
0.6035,0.0000,0.0000,0.0001,0.6015,0.0018,200,2344.3046
0.6138,0.0000,0.0000,0.0001,0.6123,0.0014,200,2344.9081
0.6204,0.0000,0.0000,0.0001,0.6180,0.0022,200,2345.5219
0.6420,0.0000,0.0000,0.0001,0.6402,0.0017,200,2346.1423
0.6140,0.0000,0.0000,0.0001,0.6124,0.0015,200,2346.7843
0.6325,0.0000,0.0000,0.0001,0.6307,0.0017,200,2347.3983
0.6578,0.0000,0.0000,0.0001,0.6563,0.0013,200,2348.0308
0.6551,0.0000,0.0000,0.0001,0.6530,0.0018,200,2348.6886
0.6159,0.0000,0.0000,0.0001,0.6144,0.0014,200,2349.3437
0.6361,0.0000,0.0000,0.0001,0.6280,0.0079,200,2349.9596
0.6326,0.0000,0.0000,0.0002,0.6315,0.0009,200,2350.5957
0.6347,0.0000,0.0000,0.0003,0.6329,0.0015,200,2351.2284
0.6361,0.0000,0.0000,0.0001,0.6345,0.0015,200,2351.8630
0.6591,0.0000,0.0000,0.0001,0.6575,0.0015,200,2352.4991
0.6277,0.0000,0.0000,0.0001,0.6256,0.0019,200,2353.1582
0.6204,0.0000,0.0000,0.0001,0.6188,0.0014,200,2353.7859
0.6244,0.0000,0.0000,0.0000,0.6228,0.0015,200,2354.4063
0.6292,0.0000,0.0000,0.0001,0.6276,0.0015,200,2355.0308
0.6794,0.0000,0.0000,0.0001,0.6779,0.0014,200,2355.6600
0.6947,0.0000,0.0000,0.0001,0.6928,0.0017,200,2356.3394
0.6423,0.0000,0.0000,0.0001,0.6409,0.0013,200,2357.0341
0.6249,0.0000,0.0000,0.0001,0.6230,0.0018,200,2357.6764
0.6688,0.0000,0.0000,0.0001,0.6676,0.0010,200,2358.3013
0.6233,0.0000,0.0000,0.0001,0.6213,0.0019,200,2358.9702
0.6256,0.0000,0.0000,0.0001,0.6240,0.0015,200,2359.5935
0.6808,0.0000,0.0000,0.0001,0.6788,0.0018,200,2360.2191
0.6402,0.0000,0.0000,0.0001,0.6389,0.0011,200,2360.8999
0.6363,0.0000,0.0000,0.0001,0.6344,0.0017,200,2361.5400
0.6209,0.0000,0.0000,0.0001,0.6192,0.0016,200,2362.1763
0.6316,0.0000,0.0000,0.0001,0.6297,0.0018,200,2362.7973
0.6252,0.0000,0.0000,0.0001,0.6242,0.0009,200,2363.4288
0.6217,0.0000,0.0000,0.0001,0.6199,0.0017,200,2364.0540
0.6405,0.0000,0.0000,0.0001,0.6378,0.0026,200,2364.6757
0.5991,0.0000,0.0000,0.0001,0.5974,0.0016,200,2365.3162
0.6376,0.0000,0.0000,0.0001,0.6360,0.0015,200,2365.9153
0.6286,0.0000,0.0000,0.0001,0.6268,0.0016,200,2366.5529
0.6069,0.0000,0.0000,0.0001,0.6056,0.0011,200,2367.1814
0.6212,0.0000,0.0000,0.0001,0.6195,0.0016,200,2367.7883
0.6120,0.0000,0.0000,0.0001,0.6101,0.0018,200,2368.4096
0.6112,0.0000,0.0000,0.0001,0.6096,0.0014,200,2369.0216
0.6252,0.0000,0.0000,0.0001,0.6235,0.0015,200,2369.6328
0.6178,0.0000,0.0000,0.0001,0.6160,0.0017,200,2370.2580
0.6124,0.0000,0.0000,0.0001,0.6107,0.0017,200,2370.8759
0.6414,0.0000,0.0000,0.0001,0.6394,0.0019,200,2371.4883
0.6313,0.0000,0.0000,0.0001,0.6296,0.0016,200,2372.1297
0.6586,0.0000,0.0000,0.0001,0.6568,0.0017,200,2372.7610
0.6127,0.0000,0.0000,0.0001,0.6108,0.0018,200,2373.4196
0.6216,0.0000,0.0000,0.0001,0.6193,0.0019,200,2374.0323
0.6379,0.0000,0.0000,0.0001,0.6366,0.0011,200,2374.6539
0.6231,0.0000,0.0000,0.0001,0.6213,0.0017,200,2375.2918
0.6567,0.0000,0.0000,0.0001,0.6549,0.0017,200,2375.9149
0.6345,0.0000,0.0000,0.0001,0.6327,0.0017,200,2376.5717
0.6116,0.0000,0.0000,0.0001,0.6102,0.0013,200,2377.2062
0.6326,0.0000,0.0000,0.0001,0.6313,0.0012,200,2377.8179
0.6008,0.0000,0.0000,0.0001,0.5991,0.0016,200,2378.4505
0.6619,0.0000,0.0000,0.0001,0.6605,0.0013,200,2379.0513
0.6432,0.0000,0.0000,0.0001,0.6410,0.0021,200,2379.7132
0.6109,0.0000,0.0000,0.0001,0.6093,0.0016,200,2380.3565
0.6269,0.0000,0.0000,0.0001,0.6247,0.0021,200,2380.9674
0.6118,0.0000,0.0000,0.0001,0.6104,0.0013,200,2381.5943
0.6045,0.0000,0.0000,0.0001,0.6020,0.0023,200,2382.2061
0.6717,0.0000,0.0000,0.0001,0.6695,0.0021,200,2382.8106
0.6128,0.0000,0.0000,0.0001,0.6113,0.0014,200,2383.4823
0.5974,0.0000,0.0000,0.0001,0.5955,0.0016,200,2384.0952
0.6428,0.0000,0.0000,0.0001,0.6407,0.0017,200,2384.6925
0.6388,0.0000,0.0000,0.0001,0.6368,0.0019,200,2385.3353
0.6398,0.0000,0.0000,0.0001,0.6380,0.0017,200,2385.9741
0.6247,0.0000,0.0000,0.0001,0.6229,0.0016,200,2386.6139
0.6294,0.0000,0.0000,0.0001,0.6273,0.0019,200,2387.2386
0.6171,0.0000,0.0000,0.0001,0.6159,0.0011,200,2387.8680
0.6162,0.0000,0.0000,0.0000,0.6141,0.0020,200,2388.4851
0.6439,0.0000,0.0000,0.0001,0.6418,0.0020,200,2389.1013
0.6283,0.0000,0.0000,0.0001,0.6265,0.0017,200,2389.7452
0.6610,0.0000,0.0000,0.0001,0.6593,0.0016,200,2390.3735
0.6253,0.0000,0.0000,0.0001,0.6235,0.0017,200,2391.0345
0.5961,0.0000,0.0000,0.0001,0.5944,0.0015,200,2391.6598
0.6201,0.0000,0.0000,0.0001,0.6182,0.0018,200,2392.2559
0.6071,0.0000,0.0000,0.0001,0.6052,0.0018,200,2392.8760
0.6581,0.0000,0.0000,0.0001,0.6564,0.0016,200,2393.4831
0.6105,0.0000,0.0000,0.0002,0.6087,0.0016,200,2394.1412
0.6651,0.0000,0.0000,0.0001,0.6625,0.0024,200,2394.7517
0.6315,0.0000,0.0000,0.0005,0.6292,0.0017,200,2395.4168
0.6553,0.0000,0.0000,0.0001,0.6541,0.0010,200,2396.0483
0.6291,0.0000,0.0000,0.0001,0.6271,0.0018,200,2396.7036
0.6463,0.0000,0.0000,0.0001,0.6448,0.0014,200,2397.3327
0.6187,0.0000,0.0000,0.0001,0.6170,0.0016,200,2397.9790
0.6289,0.0000,0.0000,0.0001,0.6279,0.0007,200,2398.5977
0.6074,0.0000,0.0000,0.0000,0.6057,0.0016,200,2399.2266
0.6522,0.0000,0.0000,0.0001,0.6508,0.0013,200,2399.8340
0.6562,0.0000,0.0000,0.0001,0.6550,0.0011,200,2400.4862
0.6389,0.0000,0.0000,0.0001,0.6370,0.0018,200,2401.1424
0.6142,0.0000,0.0000,0.0001,0.6125,0.0016,200,2401.7813
0.6287,0.0000,0.0000,0.0001,0.6267,0.0019,200,2402.3955
0.6299,0.0000,0.0000,0.0000,0.6280,0.0017,200,2403.0243
0.6530,0.0000,0.0000,0.0000,0.6513,0.0016,200,2403.6541
0.6022,0.0000,0.0000,0.0001,0.6003,0.0018,200,2404.3072
0.6238,0.0000,0.0000,0.0001,0.6219,0.0018,200,2404.9094
0.6464,0.0000,0.0000,0.0001,0.6447,0.0015,200,2405.5332
0.6410,0.0000,0.0000,0.0001,0.6395,0.0014,200,2406.1796
0.6497,0.0000,0.0000,0.0001,0.6484,0.0010,200,2406.8206
0.6217,0.0000,0.0000,0.0001,0.6200,0.0016,200,2407.4702
0.6620,0.0000,0.0000,0.0001,0.6601,0.0018,200,2408.0920
0.6164,0.0000,0.0000,0.0001,0.6148,0.0015,200,2408.7540
0.6367,0.0000,0.0000,0.0001,0.6354,0.0012,200,2409.3704
0.6324,0.0000,0.0000,0.0001,0.6309,0.0014,200,2410.0071
0.6289,0.0000,0.0000,0.0001,0.6276,0.0012,200,2410.6395
0.6336,0.0000,0.0000,0.0002,0.6310,0.0024,200,2411.2685
0.6739,0.0000,0.0000,0.0001,0.6720,0.0018,200,2411.9021
0.6158,0.0000,0.0000,0.0001,0.6146,0.0012,200,2412.5760
0.6256,0.0000,0.0000,0.0000,0.6245,0.0010,200,2413.1919
0.6379,0.0000,0.0000,0.0000,0.6360,0.0018,200,2413.8174
0.6489,0.0000,0.0000,0.0001,0.6469,0.0019,200,2414.4554
0.7996,0.0000,0.0000,0.0001,0.7979,0.0016,200,2415.1043
0.6233,0.0000,0.0000,0.0001,0.6216,0.0017,200,2415.9039
0.6296,0.0000,0.0000,0.0001,0.6279,0.0016,200,2416.5272
0.6117,0.0000,0.0000,0.0001,0.6102,0.0015,200,2417.1568
0.6549,0.0000,0.0000,0.0001,0.6529,0.0019,200,2417.7686
0.6477,0.0000,0.0000,0.0000,0.6459,0.0016,200,2418.4235
0.6448,0.0000,0.0000,0.0001,0.6433,0.0015,200,2419.0711
0.6028,0.0000,0.0000,0.0001,0.6014,0.0012,200,2419.7160
0.7204,0.0000,0.0000,0.0001,0.7185,0.0017,200,2420.3188
0.6212,0.0000,0.0000,0.0001,0.6196,0.0014,200,2421.0392
0.6343,0.0000,0.0000,0.0001,0.6327,0.0015,200,2421.6603
0.6276,0.0000,0.0000,0.0001,0.6263,0.0012,200,2422.2946
0.6334,0.0000,0.0000,0.0001,0.6318,0.0015,200,2422.9223
0.6687,0.0000,0.0000,0.0001,0.6671,0.0015,200,2423.5557
0.6685,0.0000,0.0000,0.0001,0.6666,0.0016,200,2424.2245
0.6400,0.0000,0.0000,0.0001,0.6384,0.0014,200,2424.8930
0.6382,0.0000,0.0000,0.0000,0.6365,0.0016,200,2425.5330
0.6012,0.0000,0.0000,0.0001,0.5995,0.0016,200,2426.1712
0.6619,0.0000,0.0000,0.0001,0.6604,0.0014,200,2426.7724
0.6977,0.0000,0.0000,0.0001,0.6962,0.0014,200,2427.4343
0.6204,0.0000,0.0000,0.0001,0.6189,0.0013,200,2428.1321
0.6302,0.0000,0.0000,0.0001,0.6285,0.0015,200,2428.7524
0.6314,0.0000,0.0000,0.0001,0.6290,0.0022,200,2429.3826
0.6264,0.0000,0.0000,0.0001,0.6246,0.0016,200,2430.0140
0.6545,0.0000,0.0000,0.0003,0.6525,0.0016,200,2430.6404
0.6397,0.0000,0.0000,0.0001,0.6383,0.0013,200,2431.2949
0.6275,0.0000,0.0000,0.0001,0.6252,0.0022,200,2431.9346
0.6089,0.0000,0.0000,0.0001,0.6072,0.0015,200,2432.5621
0.6291,0.0000,0.0000,0.0001,0.6272,0.0017,200,2433.1710
0.6323,0.0000,0.0000,0.0001,0.6309,0.0012,200,2433.8001
0.6421,0.0000,0.0000,0.0001,0.6401,0.0019,200,2434.4324
0.6254,0.0000,0.0000,0.0001,0.6237,0.0016,200,2435.0745
0.6162,0.0000,0.0000,0.0001,0.6147,0.0014,200,2435.6999
0.6255,0.0000,0.0000,0.0001,0.6236,0.0018,200,2436.3161
0.6517,0.0000,0.0000,0.0000,0.6500,0.0016,200,2436.9416
0.6220,0.0000,0.0000,0.0001,0.6203,0.0015,200,2437.5933
0.6385,0.0000,0.0000,0.0001,0.6366,0.0018,200,2438.2152
0.6351,0.0000,0.0000,0.0001,0.6332,0.0018,200,2438.8538
0.6233,0.0000,0.0000,0.0001,0.6215,0.0017,200,2439.4889
0.6186,0.0000,0.0000,0.0001,0.6171,0.0013,200,2440.1122
0.6190,0.0000,0.0000,0.0001,0.6170,0.0019,200,2440.7307
0.6209,0.0000,0.0000,0.0001,0.6197,0.0011,200,2441.3497
0.6247,0.0000,0.0000,0.0001,0.6230,0.0016,200,2441.9707
0.6618,0.0000,0.0000,0.0001,0.6605,0.0011,200,2442.5953
0.6126,0.0000,0.0000,0.0001,0.6116,0.0009,200,2443.2571
0.6325,0.0000,0.0000,0.0001,0.6312,0.0012,200,2443.8698
0.6449,0.0000,0.0000,0.0001,0.6432,0.0015,200,2444.5023
0.6321,0.0000,0.0000,0.0001,0.6308,0.0012,200,2445.1472
0.6252,0.0000,0.0000,0.0001,0.6235,0.0015,200,2445.7793
0.6296,0.0000,0.0000,0.0001,0.6281,0.0012,200,2446.4045
0.6061,0.0000,0.0000,0.0000,0.6050,0.0010,200,2447.0341
0.6261,0.0000,0.0000,0.0001,0.6246,0.0014,200,2447.6402
0.6358,0.0000,0.0000,0.0001,0.6346,0.0011,200,2448.2662
0.6305,0.0000,0.0000,0.0001,0.6286,0.0018,200,2448.9020
0.6444,0.0000,0.0000,0.0003,0.6421,0.0019,200,2449.5325
0.6205,0.0000,0.0000,0.0001,0.6186,0.0018,200,2450.1769
0.6714,0.0000,0.0000,0.0001,0.6699,0.0014,200,2450.7974
0.6196,0.0000,0.0000,0.0001,0.6179,0.0016,200,2451.4688
0.6161,0.0000,0.0000,0.0001,0.6142,0.0018,200,2452.0884
0.6199,0.0000,0.0000,0.0001,0.6184,0.0014,200,2452.7045
0.6348,0.0000,0.0000,0.0001,0.6332,0.0015,200,2453.3244
0.6180,0.0000,0.0000,0.0001,0.6164,0.0015,200,2453.9592
0.6104,0.0000,0.0000,0.0001,0.6084,0.0019,200,2454.5772
0.6432,0.0000,0.0000,0.0001,0.6415,0.0016,200,2455.1876
0.6633,0.0000,0.0000,0.0001,0.6615,0.0016,200,2455.8308
0.6314,0.0000,0.0000,0.0001,0.6295,0.0018,200,2456.4941
0.6182,0.0000,0.0000,0.0001,0.6165,0.0016,200,2457.1254
0.6258,0.0000,0.0000,0.0001,0.6237,0.0020,200,2457.7436
0.6219,0.0000,0.0000,0.0001,0.6203,0.0014,200,2458.3695
0.6250,0.0000,0.0000,0.0001,0.6236,0.0013,200,2458.9914
0.6196,0.0000,0.0000,0.0001,0.6178,0.0016,200,2459.6164
0.6183,0.0000,0.0000,0.0001,0.6165,0.0017,200,2460.2360
0.7013,0.0000,0.0000,0.0001,0.6993,0.0019,200,2460.8543
0.6504,0.0000,0.0000,0.0001,0.6488,0.0015,200,2461.5557
0.6370,0.0000,0.0000,0.0001,0.6341,0.0027,200,2462.2061
0.6246,0.0000,0.0000,0.0001,0.6228,0.0016,200,2462.8431
0.6331,0.0000,0.0000,0.0001,0.6312,0.0017,200,2463.4677
0.6126,0.0000,0.0000,0.0001,0.6107,0.0018,200,2464.1007
0.6221,0.0000,0.0000,0.0001,0.6201,0.0019,200,2464.7134
0.6277,0.0000,0.0000,0.0001,0.6260,0.0015,200,2465.3355
0.6446,0.0000,0.0000,0.0001,0.6427,0.0017,200,2465.9632
0.6544,0.0000,0.0000,0.0001,0.6526,0.0016,200,2466.6078
0.6319,0.0000,0.0000,0.0001,0.6303,0.0015,200,2467.2622
0.6293,0.0000,0.0000,0.0001,0.6277,0.0015,200,2467.8941
0.6478,0.0000,0.0000,0.0001,0.6459,0.0018,200,2468.5234
0.6042,0.0000,0.0000,0.0001,0.6027,0.0014,200,2469.1712
0.6342,0.0000,0.0000,0.0001,0.6321,0.0021,200,2469.7754
0.6260,0.0000,0.0000,0.0001,0.6243,0.0016,200,2470.4096
0.6639,0.0000,0.0000,0.0002,0.6622,0.0015,200,2471.0357
0.6286,0.0000,0.0000,0.0001,0.6267,0.0017,200,2471.6996
0.6364,0.0000,0.0000,0.0001,0.6339,0.0024,200,2472.3281
0.6255,0.0000,0.0000,0.0000,0.6231,0.0022,200,2472.9645
0.6075,0.0000,0.0000,0.0001,0.6058,0.0016,200,2473.5900
0.6298,0.0000,0.0000,0.0001,0.6280,0.0016,200,2474.1975
0.6148,0.0000,0.0000,0.0001,0.6130,0.0017,200,2474.8273
0.6544,0.0000,0.0000,0.0001,0.6532,0.0011,200,2475.4421
0.6286,0.0000,0.0000,0.0002,0.6264,0.0020,200,2476.0966
0.6101,0.0000,0.0000,0.0001,0.6083,0.0017,200,2476.7252
0.6298,0.0000,0.0000,0.0000,0.6281,0.0016,200,2477.3353
0.5947,0.0000,0.0000,0.0001,0.5927,0.0018,200,2477.9651
0.6101,0.0000,0.0000,0.0001,0.6082,0.0018,200,2478.5598
0.5886,0.0000,0.0000,0.0001,0.5869,0.0016,200,2479.1699
0.6252,0.0000,0.0000,0.0001,0.6237,0.0014,200,2479.7585
0.6265,0.0000,0.0000,0.0001,0.6245,0.0019,200,2480.3838
0.6115,0.0000,0.0000,0.0001,0.6099,0.0015,200,2481.0103
0.6278,0.0000,0.0000,0.0002,0.6261,0.0014,200,2481.6219
0.6088,0.0000,0.0000,0.0001,0.6075,0.0012,200,2482.2498
0.6369,0.0000,0.0000,0.0001,0.6354,0.0014,200,2482.8586
0.6318,0.0000,0.0000,0.0001,0.6300,0.0017,200,2483.4955
0.6177,0.0000,0.0000,0.0001,0.6162,0.0014,200,2484.1273
0.6154,0.0000,0.0000,0.0001,0.6139,0.0014,200,2484.7450
0.6297,0.0000,0.0000,0.0001,0.6278,0.0019,200,2485.3604
0.6196,0.0000,0.0000,0.0001,0.6175,0.0019,200,2485.9901
0.6277,0.0000,0.0000,0.0001,0.6258,0.0017,200,2486.6097
0.6247,0.0000,0.0000,0.0001,0.6230,0.0016,200,2487.2374
0.6176,0.0000,0.0000,0.0001,0.6137,0.0037,200,2487.8621
0.6140,0.0000,0.0000,0.0001,0.6121,0.0017,200,2488.4797
0.6136,0.0000,0.0000,0.0001,0.6118,0.0016,200,2489.0937
0.6509,0.0000,0.0000,0.0001,0.6491,0.0017,200,2489.7073
0.6334,0.0000,0.0000,0.0001,0.6316,0.0017,200,2490.3581
0.6393,0.0000,0.0000,0.0001,0.6376,0.0016,200,2490.9915
0.6911,0.0000,0.0000,0.0001,0.6894,0.0017,200,2491.6308
0.6226,0.0000,0.0000,0.0001,0.6208,0.0016,200,2492.3220
0.6214,0.0000,0.0000,0.0001,0.6196,0.0016,200,2492.9446
0.6209,0.0000,0.0000,0.0001,0.6197,0.0010,200,2493.5660
0.6484,0.0000,0.0000,0.0000,0.6468,0.0015,200,2494.1868
0.6613,0.0000,0.0000,0.0001,0.6593,0.0019,200,2494.8352
0.6078,0.0000,0.0000,0.0001,0.6061,0.0013,200,2495.4966
0.6184,0.0000,0.0000,0.0001,0.6166,0.0016,200,2496.1043
0.6288,0.0000,0.0000,0.0001,0.6262,0.0026,200,2496.7227
0.6115,0.0000,0.0000,0.0001,0.6097,0.0017,200,2497.3516
0.6283,0.0000,0.0000,0.0001,0.6269,0.0013,200,2497.9631
0.6356,0.0000,0.0000,0.0001,0.6338,0.0018,200,2498.5914
0.6313,0.0000,0.0000,0.0001,0.6297,0.0015,200,2499.2270
0.6233,0.0000,0.0000,0.0000,0.6220,0.0012,200,2499.8583
0.6438,0.0000,0.0000,0.0000,0.6420,0.0018,200,2500.4816
0.6412,0.0000,0.0000,0.0001,0.6396,0.0015,200,2501.1254
0.6243,0.0000,0.0000,0.0001,0.6227,0.0015,200,2501.7666
0.6280,0.0000,0.0000,0.0001,0.6263,0.0016,200,2502.3909
0.6259,0.0000,0.0000,0.0001,0.6241,0.0016,200,2503.0189
0.6249,0.0000,0.0000,0.0001,0.6230,0.0018,200,2503.6448
0.6294,0.0000,0.0000,0.0001,0.6278,0.0015,200,2504.2698
0.6160,0.0000,0.0000,0.0001,0.6148,0.0011,200,2504.8992
0.6094,0.0000,0.0000,0.0001,0.6078,0.0014,200,2505.5152
0.6583,0.0000,0.0000,0.0001,0.6566,0.0014,200,2506.1246
0.6114,0.0000,0.0000,0.0001,0.6092,0.0020,200,2506.7828
0.6193,0.0000,0.0000,0.0001,0.6173,0.0018,200,2507.3942
0.6165,0.0000,0.0000,0.0001,0.6148,0.0016,200,2508.0135
0.6150,0.0000,0.0000,0.0001,0.6131,0.0018,200,2508.6301
0.6004,0.0000,0.0000,0.0001,0.5986,0.0017,200,2509.2450
0.6297,0.0000,0.0000,0.0001,0.6288,0.0007,200,2509.8455
0.6081,0.0000,0.0000,0.0000,0.6062,0.0018,200,2510.4751
0.6169,0.0000,0.0000,0.0001,0.6152,0.0016,200,2511.0832
0.6429,0.0000,0.0000,0.0000,0.6414,0.0013,200,2511.7002
0.6265,0.0000,0.0000,0.0001,0.6248,0.0016,200,2512.3430
0.6227,0.0000,0.0000,0.0001,0.6210,0.0016,200,2512.9695
0.6197,0.0000,0.0000,0.0001,0.6183,0.0013,200,2513.5922
0.6501,0.0000,0.0000,0.0001,0.6479,0.0021,200,2514.2119
0.6101,0.0000,0.0000,0.0004,0.6083,0.0011,200,2514.8620
0.6407,0.0000,0.0000,0.0000,0.6393,0.0013,200,2515.4721
0.6529,0.0000,0.0000,0.0001,0.6507,0.0021,200,2516.1128
0.6523,0.0000,0.0000,0.0001,0.6507,0.0016,200,2516.7657
0.6440,0.0000,0.0000,0.0001,0.6417,0.0022,200,2517.4180
0.6601,0.0000,0.0000,0.0001,0.6580,0.0020,200,2518.0620
0.6308,0.0000,0.0000,0.0000,0.6302,0.0005,200,2518.7222
0.5954,0.0000,0.0000,0.0000,0.5942,0.0011,200,2519.3530
0.6218,0.0000,0.0000,0.0001,0.6198,0.0019,200,2519.9483
0.6240,0.0000,0.0000,0.0001,0.6223,0.0015,200,2520.5702
0.6390,0.0000,0.0000,0.0000,0.6372,0.0016,200,2521.1942
0.6488,0.0000,0.0000,0.0001,0.6466,0.0022,200,2521.8332
0.6804,0.0000,0.0000,0.0001,0.6786,0.0017,200,2522.4820
0.6209,0.0000,0.0000,0.0001,0.6188,0.0019,200,2523.1625
0.6250,0.0000,0.0000,0.0001,0.6229,0.0020,200,2523.7833
0.6537,0.0000,0.0000,0.0002,0.6513,0.0022,200,2524.4084
0.6317,0.0000,0.0000,0.0001,0.6298,0.0018,200,2525.0620
0.6340,0.0000,0.0000,0.0001,0.6322,0.0016,200,2525.6937
0.6317,0.0000,0.0000,0.0001,0.6298,0.0018,200,2526.3277
0.6320,0.0000,0.0000,0.0001,0.6304,0.0015,200,2526.9594
0.6558,0.0000,0.0000,0.0001,0.6542,0.0015,200,2527.5914
0.6252,0.0000,0.0000,0.0001,0.6236,0.0015,200,2528.2472
0.6393,0.0000,0.0000,0.0001,0.6375,0.0016,200,2528.8724
0.6238,0.0000,0.0000,0.0001,0.6224,0.0012,200,2529.5117
0.6246,0.0000,0.0000,0.0001,0.6227,0.0018,200,2530.1355
0.6183,0.0000,0.0000,0.0001,0.6166,0.0016,200,2530.7601
0.6328,0.0000,0.0000,0.0001,0.6309,0.0018,200,2531.3784
0.6704,0.0000,0.0000,0.0000,0.6683,0.0020,200,2532.0112
0.6508,0.0000,0.0000,0.0001,0.6496,0.0010,200,2532.6816
0.6192,0.0000,0.0000,0.0001,0.6173,0.0017,200,2533.3324
0.6361,0.0000,0.0000,0.0001,0.6343,0.0015,200,2533.9515
0.6325,0.0000,0.0000,0.0001,0.6306,0.0017,200,2534.5876
0.6330,0.0000,0.0000,0.0001,0.6315,0.0014,200,2535.2201
0.6287,0.0000,0.0000,0.0000,0.6269,0.0017,200,2535.8531
0.6133,0.0000,0.0000,0.0001,0.6119,0.0013,200,2536.4818
0.6427,0.0000,0.0000,0.0001,0.6403,0.0023,200,2537.0951
0.6269,0.0000,0.0000,0.0001,0.6256,0.0012,200,2537.7378
0.6300,0.0000,0.0000,0.0001,0.6281,0.0018,200,2538.3648
0.6485,0.0000,0.0000,0.0001,0.6474,0.0009,200,2538.9948
0.6314,0.0000,0.0000,0.0000,0.6299,0.0015,200,2539.6433
0.6171,0.0000,0.0000,0.0000,0.6154,0.0015,200,2540.2747
0.6230,0.0000,0.0000,0.0001,0.6212,0.0017,200,2540.8918
0.6097,0.0000,0.0000,0.0001,0.6083,0.0012,200,2541.5148
0.6311,0.0000,0.0000,0.0002,0.6292,0.0018,200,2542.1245
0.6198,0.0000,0.0000,0.0001,0.6180,0.0016,200,2542.7557
0.6315,0.0000,0.0000,0.0001,0.6297,0.0016,200,2543.3755
0.6484,0.0000,0.0000,0.0001,0.6466,0.0017,200,2544.0070
0.6478,0.0000,0.0000,0.0001,0.6461,0.0016,200,2544.6554
0.6329,0.0000,0.0000,0.0001,0.6311,0.0016,200,2545.3032
0.6106,0.0000,0.0000,0.0000,0.6087,0.0018,200,2545.9361
0.6639,0.0000,0.0000,0.0000,0.6623,0.0015,200,2546.5467
0.6365,0.0000,0.0000,0.0001,0.6348,0.0015,200,2547.2106
0.6243,0.0000,0.0000,0.0001,0.6222,0.0019,200,2547.8471
0.6388,0.0000,0.0000,0.0001,0.6373,0.0014,200,2548.4714
0.5978,0.0000,0.0000,0.0001,0.5963,0.0014,200,2549.1102
0.6160,0.0000,0.0000,0.0001,0.6140,0.0018,200,2549.7080
0.6002,0.0000,0.0000,0.0003,0.5977,0.0021,200,2550.3240
0.6162,0.0000,0.0000,0.0001,0.6146,0.0016,200,2550.9241
0.6131,0.0000,0.0000,0.0001,0.6112,0.0018,200,2551.5403
0.6167,0.0000,0.0000,0.0001,0.6150,0.0016,200,2552.1535
0.6612,0.0000,0.0000,0.0001,0.6595,0.0016,200,2552.7702
0.5954,0.0000,0.0000,0.0001,0.5937,0.0016,200,2553.4314
0.6231,0.0000,0.0000,0.0001,0.6215,0.0015,200,2554.0269
0.6302,0.0000,0.0000,0.0001,0.6282,0.0018,200,2554.6500
0.6260,0.0000,0.0000,0.0001,0.6241,0.0017,200,2555.2803
0.6208,0.0000,0.0000,0.0001,0.6190,0.0017,200,2555.9063
0.6383,0.0000,0.0000,0.0001,0.6361,0.0021,200,2556.5271
0.6497,0.0000,0.0000,0.0001,0.6476,0.0019,200,2557.1654
0.6205,0.0000,0.0000,0.0001,0.6167,0.0035,200,2557.8151
0.6345,0.0000,0.0000,0.0001,0.6326,0.0017,200,2558.4356
0.6611,0.0000,0.0000,0.0001,0.6602,0.0007,200,2559.0701
0.6220,0.0000,0.0000,0.0000,0.6210,0.0010,200,2559.7312
0.6140,0.0000,0.0000,0.0000,0.6125,0.0014,200,2560.3532
0.6349,0.0000,0.0000,0.0001,0.6330,0.0017,200,2560.9672
0.6207,0.0000,0.0000,0.0001,0.6193,0.0014,200,2561.6021
0.6362,0.0000,0.0000,0.0001,0.6344,0.0016,200,2562.2228
0.6060,0.0000,0.0000,0.0001,0.6040,0.0019,200,2562.8590
0.6352,0.0000,0.0000,0.0001,0.6337,0.0014,200,2563.4651
0.6309,0.0000,0.0000,0.0001,0.6292,0.0015,200,2564.1003
0.6486,0.0000,0.0000,0.0001,0.6469,0.0016,200,2564.7312
0.6407,0.0000,0.0000,0.0001,0.6390,0.0016,200,2565.3798
0.6090,0.0000,0.0000,0.0001,0.6067,0.0021,200,2566.0207
0.6275,0.0000,0.0000,0.0001,0.6265,0.0010,200,2566.6297
0.6442,0.0000,0.0000,0.0000,0.6421,0.0020,200,2567.2572
0.6459,0.0000,0.0000,0.0001,0.6439,0.0019,200,2567.9014
0.6193,0.0000,0.0000,0.0001,0.6176,0.0015,200,2568.5473
0.6266,0.0000,0.0000,0.0001,0.6257,0.0008,200,2569.1667
0.6435,0.0000,0.0000,0.0000,0.6419,0.0016,200,2569.7933
0.7106,0.0000,0.0000,0.0001,0.7088,0.0017,200,2570.4368
0.6383,0.0000,0.0000,0.0001,0.6361,0.0020,200,2571.1474
0.6303,0.0000,0.0000,0.0001,0.6286,0.0016,200,2571.7857
0.6597,0.0000,0.0000,0.0001,0.6581,0.0015,200,2572.4159
0.6132,0.0000,0.0000,0.0001,0.6115,0.0016,200,2573.0756
0.6379,0.0000,0.0000,0.0001,0.6363,0.0015,200,2573.6888
0.6485,0.0000,0.0000,0.0001,0.6467,0.0016,200,2574.3267
0.6611,0.0000,0.0000,0.0001,0.6583,0.0027,200,2574.9752
0.6179,0.0000,0.0000,0.0001,0.6165,0.0012,200,2575.6363
0.6105,0.0000,0.0000,0.0001,0.6087,0.0017,200,2576.2543
0.6237,0.0000,0.0000,0.0001,0.6225,0.0011,200,2576.8648
0.6224,0.0000,0.0000,0.0001,0.6219,0.0002,200,2577.4885
0.6093,0.0000,0.0000,0.0001,0.6075,0.0016,200,2578.1109
0.6234,0.0000,0.0000,0.0001,0.6211,0.0021,200,2578.7201
0.6035,0.0000,0.0000,0.0001,0.6017,0.0017,200,2579.3436
0.6238,0.0000,0.0000,0.0001,0.6221,0.0016,200,2579.9471
0.6323,0.0000,0.0000,0.0001,0.6307,0.0015,200,2580.5709
0.6200,0.0000,0.0000,0.0001,0.6184,0.0015,200,2581.2032
0.6251,0.0000,0.0000,0.0001,0.6233,0.0017,200,2581.8233
0.6331,0.0000,0.0000,0.0001,0.6309,0.0021,200,2582.4484
0.6219,0.0000,0.0000,0.0001,0.6202,0.0016,200,2583.0815
0.6164,0.0000,0.0000,0.0001,0.6146,0.0016,200,2583.7034
0.6269,0.0000,0.0000,0.0000,0.6253,0.0015,200,2584.3198
0.6127,0.0000,0.0000,0.0001,0.6107,0.0019,200,2584.9467
0.6199,0.0000,0.0000,0.0001,0.6179,0.0018,200,2585.5594
0.6192,0.0000,0.0000,0.0001,0.6176,0.0014,200,2586.1793
0.6281,0.0000,0.0000,0.0001,0.6265,0.0014,200,2586.7986
0.6199,0.0000,0.0000,0.0001,0.6186,0.0012,200,2587.4267
0.6696,0.0000,0.0000,0.0001,0.6676,0.0020,200,2588.0465
0.6517,0.0000,0.0000,0.0001,0.6506,0.0009,200,2588.7162
0.6338,0.0000,0.0000,0.0000,0.6317,0.0019,200,2589.3679
0.6520,0.0000,0.0000,0.0001,0.6502,0.0017,200,2590.0017
0.6264,0.0000,0.0000,0.0001,0.6244,0.0018,200,2590.6537
0.6323,0.0000,0.0000,0.0001,0.6300,0.0021,200,2591.2801
0.6182,0.0000,0.0000,0.0000,0.6171,0.0010,200,2591.9124
0.6110,0.0000,0.0000,0.0000,0.6092,0.0017,200,2592.5306
0.6302,0.0000,0.0000,0.0001,0.6286,0.0015,200,2593.1416
0.6355,0.0000,0.0000,0.0001,0.6340,0.0013,200,2593.7718
0.6210,0.0000,0.0000,0.0001,0.6197,0.0013,200,2594.4073
0.6394,0.0000,0.0000,0.0001,0.6374,0.0019,200,2595.0283
0.6180,0.0000,0.0000,0.0001,0.6161,0.0018,200,2595.6677
0.6330,0.0000,0.0000,0.0001,0.6310,0.0020,200,2596.2856
0.6256,0.0000,0.0000,0.0001,0.6240,0.0015,200,2596.9187
0.6300,0.0000,0.0000,0.0001,0.6282,0.0016,200,2597.5443
0.6460,0.0000,0.0000,0.0001,0.6441,0.0018,200,2598.1743
0.6195,0.0000,0.0000,0.0001,0.6181,0.0013,200,2598.8203
0.6115,0.0000,0.0000,0.0001,0.6098,0.0015,200,2599.4398
0.6543,0.0000,0.0000,0.0001,0.6524,0.0019,200,2600.0513
0.8127,0.0000,0.0000,0.0001,0.8110,0.0015,200,2600.7056
0.6136,0.0000,0.0000,0.0001,0.6116,0.0018,200,2601.5183
0.6498,0.0000,0.0000,0.0001,0.6478,0.0018,200,2602.1319
0.6360,0.0000,0.0000,0.0001,0.6338,0.0020,200,2602.7817
0.6165,0.0000,0.0000,0.0001,0.6146,0.0018,200,2603.4176
0.6273,0.0000,0.0000,0.0001,0.6256,0.0016,200,2604.0342
0.6313,0.0000,0.0000,0.0001,0.6293,0.0018,200,2604.6615
0.6246,0.0000,0.0000,0.0001,0.6227,0.0017,200,2605.2928
0.6176,0.0000,0.0000,0.0001,0.6153,0.0023,200,2605.9174
0.6153,0.0000,0.0000,0.0001,0.6132,0.0019,200,2606.5350
0.6172,0.0000,0.0000,0.0001,0.6149,0.0022,200,2607.1503
0.6256,0.0000,0.0000,0.0001,0.6234,0.0021,200,2607.7675
0.6427,0.0000,0.0000,0.0001,0.6410,0.0016,200,2608.3931
0.6170,0.0000,0.0000,0.0001,0.6153,0.0015,200,2609.0359
0.6381,0.0000,0.0000,0.0001,0.6368,0.0011,200,2609.6529
0.6155,0.0000,0.0000,0.0001,0.6140,0.0014,200,2610.2909
0.6273,0.0000,0.0000,0.0001,0.6254,0.0018,200,2610.9064
0.6102,0.0000,0.0000,0.0001,0.6086,0.0015,200,2611.5338
0.6122,0.0000,0.0000,0.0001,0.6105,0.0016,200,2612.1439
0.6119,0.0000,0.0000,0.0001,0.6098,0.0020,200,2612.7561
0.6376,0.0000,0.0000,0.0001,0.6357,0.0018,200,2613.3680
0.6123,0.0000,0.0000,0.0001,0.6106,0.0016,200,2614.0056
0.6506,0.0000,0.0000,0.0001,0.6487,0.0017,200,2614.6179
0.6318,0.0000,0.0000,0.0002,0.6300,0.0015,200,2615.2684
0.6242,0.0000,0.0000,0.0001,0.6224,0.0017,200,2615.9003
0.6428,0.0000,0.0000,0.0002,0.6408,0.0017,200,2616.5245
0.6071,0.0000,0.0000,0.0001,0.6057,0.0013,200,2617.1673
0.6175,0.0000,0.0000,0.0000,0.6157,0.0017,200,2617.7744
0.6286,0.0000,0.0000,0.0001,0.6268,0.0017,200,2618.3918
0.6296,0.0000,0.0000,0.0001,0.6283,0.0012,200,2619.0205
0.6081,0.0000,0.0000,0.0001,0.6062,0.0017,200,2619.6501
0.6376,0.0000,0.0000,0.0001,0.6363,0.0012,200,2620.2582
0.6099,0.0000,0.0000,0.0000,0.6077,0.0021,200,2620.8958
0.6008,0.0000,0.0000,0.0001,0.5991,0.0015,200,2621.5056
0.6292,0.0000,0.0000,0.0001,0.6274,0.0017,200,2622.1064
0.6289,0.0000,0.0000,0.0001,0.6273,0.0015,200,2622.7356
0.6213,0.0000,0.0000,0.0002,0.6194,0.0016,200,2623.3645
0.6340,0.0000,0.0000,0.0001,0.6322,0.0017,200,2623.9859
0.6179,0.0000,0.0000,0.0000,0.6162,0.0016,200,2624.6198
0.6465,0.0000,0.0000,0.0000,0.6450,0.0015,200,2625.2377
0.6295,0.0000,0.0000,0.0001,0.6271,0.0023,200,2625.8843
0.6266,0.0000,0.0000,0.0001,0.6246,0.0019,200,2626.5138
0.6296,0.0000,0.0000,0.0001,0.6278,0.0017,200,2627.1404
0.6130,0.0000,0.0000,0.0001,0.6117,0.0013,200,2627.7699
0.6315,0.0000,0.0000,0.0001,0.6299,0.0015,200,2628.3830
0.6217,0.0000,0.0000,0.0001,0.6194,0.0022,200,2629.0144
0.5991,0.0000,0.0000,0.0001,0.5976,0.0014,200,2629.6361
0.6710,0.0000,0.0000,0.0001,0.6695,0.0014,200,2630.2352
0.6244,0.0000,0.0000,0.0001,0.6225,0.0017,200,2630.9062
0.6100,0.0000,0.0000,0.0001,0.6089,0.0010,200,2631.5306
0.6225,0.0000,0.0000,0.0000,0.6209,0.0016,200,2632.1406
0.6353,0.0000,0.0000,0.0001,0.6327,0.0025,200,2632.7631
0.6338,0.0000,0.0000,0.0001,0.6323,0.0014,200,2633.3984
0.7000,0.0000,0.0000,0.0001,0.6987,0.0012,200,2634.0322
0.6347,0.0000,0.0000,0.0001,0.6332,0.0014,200,2634.7322
0.6267,0.0000,0.0000,0.0001,0.6249,0.0017,200,2635.3670
0.6160,0.0000,0.0000,0.0001,0.6136,0.0022,200,2635.9937
0.6070,0.0000,0.0000,0.0000,0.6049,0.0020,200,2636.6098
0.6194,0.0000,0.0000,0.0001,0.6177,0.0016,200,2637.2168
0.6209,0.0000,0.0000,0.0001,0.6185,0.0022,200,2637.8362
0.6535,0.0000,0.0000,0.0001,0.6513,0.0020,200,2638.4571
0.6358,0.0000,0.0000,0.0001,0.6339,0.0018,200,2639.1106
0.6389,0.0000,0.0000,0.0001,0.6367,0.0021,200,2639.7463
0.6335,0.0000,0.0000,0.0001,0.6321,0.0013,200,2640.3852
0.6337,0.0000,0.0000,0.0001,0.6318,0.0017,200,2641.0187
0.6162,0.0000,0.0000,0.0001,0.6148,0.0012,200,2641.6524
0.6094,0.0000,0.0000,0.0000,0.6078,0.0014,200,2642.2686
0.6256,0.0000,0.0000,0.0001,0.6239,0.0016,200,2642.8780
0.6248,0.0000,0.0000,0.0001,0.6230,0.0017,200,2643.5036
0.6247,0.0000,0.0000,0.0001,0.6236,0.0010,200,2644.1283
0.6228,0.0000,0.0000,0.0001,0.6212,0.0015,200,2644.7530
0.6480,0.0000,0.0000,0.0001,0.6461,0.0017,200,2645.3758
0.7979,0.0000,0.0000,0.0001,0.7959,0.0017,200,2646.0239
0.6735,0.0000,0.0000,0.0001,0.6717,0.0017,200,2646.8217
0.6293,0.0000,0.0000,0.0001,0.6280,0.0012,200,2647.4953
0.6347,0.0000,0.0000,0.0001,0.6329,0.0017,200,2648.1246
0.6495,0.0000,0.0000,0.0001,0.6474,0.0020,200,2648.7593
0.6704,0.0000,0.0000,0.0001,0.6688,0.0013,200,2649.4088
0.6205,0.0000,0.0000,0.0000,0.6188,0.0016,200,2650.0792
0.6227,0.0000,0.0000,0.0001,0.6210,0.0016,200,2650.6997
0.6529,0.0000,0.0000,0.0001,0.6509,0.0018,200,2651.3223
0.6362,0.0000,0.0000,0.0001,0.6346,0.0015,200,2651.9752
0.6169,0.0000,0.0000,0.0001,0.6150,0.0017,200,2652.6114
0.6292,0.0000,0.0000,0.0001,0.6273,0.0018,200,2653.2283
0.6085,0.0000,0.0000,0.0001,0.6072,0.0011,200,2653.8575
0.6062,0.0000,0.0000,0.0001,0.6044,0.0017,200,2654.4660
0.6358,0.0000,0.0000,0.0000,0.6341,0.0016,200,2655.0722
0.6537,0.0000,0.0000,0.0001,0.6513,0.0023,200,2655.7081
0.6216,0.0000,0.0000,0.0001,0.6199,0.0016,200,2656.3617
0.6142,0.0000,0.0000,0.0001,0.6125,0.0016,200,2656.9833
0.6418,0.0000,0.0000,0.0001,0.6403,0.0014,200,2657.5975
0.6215,0.0000,0.0000,0.0001,0.6193,0.0020,200,2658.2393
0.6835,0.0000,0.0000,0.0000,0.6821,0.0013,200,2658.8608
0.6356,0.0000,0.0000,0.0001,0.6337,0.0018,200,2659.5443
0.6299,0.0000,0.0000,0.0001,0.6282,0.0016,200,2660.1800
0.6310,0.0000,0.0000,0.0001,0.6298,0.0011,200,2660.8099
0.6325,0.0000,0.0000,0.0001,0.6309,0.0016,200,2661.4409
0.6168,0.0000,0.0000,0.0001,0.6153,0.0014,200,2662.0735
0.6081,0.0000,0.0000,0.0001,0.6066,0.0014,200,2662.6903
0.6167,0.0000,0.0000,0.0001,0.6155,0.0011,200,2663.2984
0.6231,0.0000,0.0000,0.0001,0.6213,0.0017,200,2663.9151
0.6204,0.0000,0.0000,0.0001,0.6188,0.0015,200,2664.5382
0.6265,0.0000,0.0000,0.0001,0.6246,0.0018,200,2665.1586
0.6492,0.0000,0.0000,0.0001,0.6473,0.0018,200,2665.7851
0.6437,0.0000,0.0000,0.0001,0.6419,0.0017,200,2666.4343
0.6185,0.0000,0.0000,0.0001,0.6167,0.0017,200,2667.0780
0.6267,0.0000,0.0000,0.0001,0.6251,0.0013,200,2667.6965
0.6448,0.0000,0.0000,0.0001,0.6431,0.0015,200,2668.3233
0.6189,0.0000,0.0000,0.0001,0.6172,0.0015,200,2668.9681
0.6190,0.0000,0.0000,0.0001,0.6181,0.0008,200,2669.5870
0.6569,0.0000,0.0000,0.0000,0.6547,0.0021,200,2670.2060
0.6271,0.0000,0.0000,0.0001,0.6257,0.0012,200,2670.8629
0.6169,0.0000,0.0000,0.0001,0.6153,0.0015,200,2671.4900
0.6463,0.0000,0.0000,0.0001,0.6443,0.0019,200,2672.1069
0.6069,0.0000,0.0000,0.0001,0.6053,0.0015,200,2672.7532
0.6108,0.0000,0.0000,0.0001,0.6097,0.0010,200,2673.3601
0.6889,0.0000,0.0000,0.0000,0.6872,0.0016,200,2673.9709
0.6023,0.0000,0.0000,0.0001,0.6002,0.0020,200,2674.6598
0.6175,0.0000,0.0000,0.0001,0.6156,0.0017,200,2675.2621
0.6395,0.0000,0.0000,0.0001,0.6378,0.0016,200,2675.8796
0.6484,0.0000,0.0000,0.0001,0.6464,0.0019,200,2676.5191
0.6675,0.0000,0.0000,0.0001,0.6662,0.0013,200,2677.1675
0.6391,0.0000,0.0000,0.0001,0.6373,0.0017,200,2677.8350
0.6339,0.0000,0.0000,0.0001,0.6318,0.0019,200,2678.4742
0.6268,0.0000,0.0000,0.0001,0.6251,0.0015,200,2679.1081
0.6396,0.0000,0.0000,0.0001,0.6383,0.0012,200,2679.7349
0.5924,0.0000,0.0000,0.0000,0.5910,0.0013,200,2680.3745
0.6159,0.0000,0.0000,0.0001,0.6144,0.0013,200,2680.9669
0.6480,0.0000,0.0000,0.0002,0.6458,0.0019,200,2681.5828
0.6393,0.0000,0.0000,0.0001,0.6378,0.0013,200,2682.2308
0.6491,0.0000,0.0000,0.0001,0.6473,0.0017,200,2682.8701
0.6268,0.0000,0.0000,0.0001,0.6247,0.0019,200,2683.5192
0.6496,0.0000,0.0000,0.0001,0.6483,0.0012,200,2684.1461
0.6863,0.0000,0.0000,0.0001,0.6844,0.0018,200,2684.7957
0.6152,0.0000,0.0000,0.0001,0.6133,0.0017,200,2685.4820
0.6277,0.0000,0.0000,0.0001,0.6263,0.0013,200,2686.0971
0.6251,0.0000,0.0000,0.0001,0.6231,0.0019,200,2686.7249
0.6338,0.0000,0.0000,0.0001,0.6322,0.0016,200,2687.3500
0.6198,0.0000,0.0000,0.0001,0.6182,0.0014,200,2687.9838
0.6328,0.0000,0.0000,0.0001,0.6311,0.0015,200,2688.6036
0.6152,0.0000,0.0000,0.0001,0.6128,0.0022,200,2689.2364
0.6636,0.0000,0.0000,0.0001,0.6625,0.0010,200,2689.8516
0.6346,0.0000,0.0000,0.0000,0.6327,0.0019,200,2690.5152
0.6126,0.0000,0.0000,0.0001,0.6106,0.0019,200,2691.1498
0.6199,0.0000,0.0000,0.0001,0.6183,0.0015,200,2691.7624
0.6407,0.0000,0.0000,0.0001,0.6391,0.0015,200,2692.3823
0.6209,0.0000,0.0000,0.0001,0.6201,0.0007,200,2693.0230
0.6393,0.0000,0.0000,0.0000,0.6380,0.0012,200,2693.6439
0.6342,0.0000,0.0000,0.0001,0.6321,0.0019,200,2694.2832
0.6579,0.0000,0.0000,0.0001,0.6562,0.0015,200,2694.9173
0.6229,0.0000,0.0000,0.0001,0.6212,0.0015,200,2695.5752
0.6198,0.0000,0.0000,0.0001,0.6179,0.0018,200,2696.1981
0.6448,0.0000,0.0000,0.0001,0.6426,0.0021,200,2696.8179
0.6114,0.0000,0.0000,0.0002,0.6098,0.0013,200,2697.4627
0.6249,0.0000,0.0000,0.0001,0.6231,0.0017,200,2698.0741
0.6486,0.0000,0.0000,0.0001,0.6468,0.0017,200,2698.6990
0.6416,0.0000,0.0000,0.0001,0.6399,0.0016,200,2699.3476
0.6410,0.0000,0.0000,0.0001,0.6387,0.0022,200,2699.9892
0.6506,0.0000,0.0000,0.0001,0.6485,0.0021,200,2700.6302
0.6645,0.0000,0.0000,0.0001,0.6637,0.0007,200,2701.2809
0.6124,0.0000,0.0000,0.0000,0.6113,0.0011,200,2701.9454
0.6256,0.0000,0.0000,0.0000,0.6249,0.0007,200,2702.5578
0.6079,0.0000,0.0000,0.0000,0.6071,0.0008,200,2703.1835
0.6091,0.0000,0.0000,0.0000,0.6081,0.0010,200,2703.7914
0.6354,0.0000,0.0000,0.0001,0.6334,0.0019,200,2704.4006
0.6312,0.0000,0.0000,0.0001,0.6293,0.0018,200,2705.0360
0.6345,0.0000,0.0000,0.0000,0.6324,0.0019,200,2705.6672
0.6291,0.0000,0.0000,0.0001,0.6275,0.0015,200,2706.3017
0.6440,0.0000,0.0000,0.0001,0.6423,0.0016,200,2706.9308
0.6125,0.0000,0.0000,0.0001,0.6105,0.0018,200,2707.5748
0.6095,0.0000,0.0000,0.0001,0.6079,0.0013,200,2708.1873
0.6341,0.0000,0.0000,0.0001,0.6325,0.0015,200,2708.7968
0.6403,0.0000,0.0000,0.0001,0.6386,0.0016,200,2709.4309
0.6483,0.0000,0.0000,0.0001,0.6472,0.0009,200,2710.0712
0.6472,0.0000,0.0000,0.0001,0.6456,0.0015,200,2710.7195
0.6263,0.0000,0.0000,0.0001,0.6242,0.0020,200,2711.3668
0.6576,0.0000,0.0000,0.0001,0.6559,0.0015,200,2711.9931
0.6208,0.0000,0.0000,0.0001,0.6191,0.0015,200,2712.6506
0.6359,0.0000,0.0000,0.0001,0.6345,0.0012,200,2713.2714
0.6526,0.0000,0.0000,0.0001,0.6507,0.0018,200,2713.9074
0.6823,0.0000,0.0000,0.0001,0.6805,0.0017,200,2714.5600
0.6201,0.0000,0.0000,0.0001,0.6185,0.0015,200,2715.2423
0.6275,0.0000,0.0000,0.0001,0.6259,0.0014,200,2715.8624
0.6604,0.0000,0.0000,0.0001,0.6585,0.0017,200,2716.4899
0.6598,0.0000,0.0000,0.0001,0.6580,0.0016,200,2717.1503
0.6278,0.0000,0.0000,0.0001,0.6258,0.0018,200,2717.8101
0.6444,0.0000,0.0000,0.0001,0.6428,0.0015,200,2718.4379
0.6091,0.0000,0.0000,0.0001,0.6077,0.0012,200,2719.0823
0.6424,0.0000,0.0000,0.0001,0.6407,0.0016,200,2719.6915
0.6774,0.0000,0.0000,0.0001,0.6757,0.0015,200,2720.3339
0.6290,0.0000,0.0000,0.0000,0.6274,0.0015,200,2721.0113
0.6103,0.0000,0.0000,0.0001,0.6086,0.0016,200,2721.6404
0.6167,0.0000,0.0000,0.0001,0.6153,0.0014,200,2722.2507
0.6197,0.0000,0.0000,0.0000,0.6182,0.0014,200,2722.8674
0.6322,0.0000,0.0000,0.0001,0.6312,0.0008,200,2723.4871
0.6295,0.0000,0.0000,0.0000,0.6281,0.0014,200,2724.1193
0.6313,0.0000,0.0000,0.0001,0.6295,0.0016,200,2724.7488
0.6335,0.0000,0.0000,0.0001,0.6317,0.0017,200,2725.3801
0.6420,0.0000,0.0000,0.0001,0.6403,0.0016,200,2726.0136
0.7074,0.0000,0.0000,0.0001,0.7064,0.0009,200,2726.6557
0.6668,0.0000,0.0000,0.0000,0.6652,0.0016,200,2727.3631
0.6028,0.0000,0.0000,0.0001,0.6008,0.0019,200,2728.0299
0.6165,0.0000,0.0000,0.0001,0.6147,0.0017,200,2728.6327
0.6207,0.0000,0.0000,0.0001,0.6194,0.0012,200,2729.2492
0.6103,0.0000,0.0000,0.0000,0.6093,0.0010,200,2729.8700
0.6479,0.0000,0.0000,0.0000,0.6461,0.0018,200,2730.4803
0.6328,0.0000,0.0000,0.0001,0.6312,0.0015,200,2731.1282
0.6516,0.0000,0.0000,0.0001,0.6503,0.0011,200,2731.7610
0.6076,0.0000,0.0000,0.0001,0.6057,0.0018,200,2732.4126
0.6333,0.0000,0.0000,0.0001,0.6312,0.0020,200,2733.0202
0.6419,0.0000,0.0000,0.0001,0.6402,0.0016,200,2733.6535
0.6318,0.0000,0.0000,0.0001,0.6307,0.0010,200,2734.2955
0.6350,0.0000,0.0000,0.0001,0.6334,0.0015,200,2734.9272
0.6203,0.0000,0.0000,0.0001,0.6185,0.0017,200,2735.5622
0.6163,0.0000,0.0000,0.0001,0.6148,0.0013,200,2736.1825
0.6278,0.0000,0.0000,0.0001,0.6264,0.0011,200,2736.7988
0.6376,0.0000,0.0000,0.0000,0.6360,0.0015,200,2737.4266
0.6265,0.0000,0.0000,0.0001,0.6247,0.0016,200,2738.0642
0.6434,0.0000,0.0000,0.0001,0.6416,0.0017,200,2738.6907
0.6486,0.0000,0.0000,0.0001,0.6469,0.0016,200,2739.3342
0.6043,0.0000,0.0000,0.0001,0.6026,0.0015,200,2739.9828
0.6349,0.0000,0.0000,0.0001,0.6325,0.0023,200,2740.5870
0.6381,0.0000,0.0000,0.0001,0.6357,0.0023,200,2741.2219
0.6423,0.0000,0.0000,0.0001,0.6411,0.0010,200,2741.8600
0.6380,0.0000,0.0000,0.0000,0.6358,0.0021,200,2742.5023
0.6234,0.0000,0.0000,0.0001,0.6215,0.0018,200,2743.1402
0.6354,0.0000,0.0000,0.0001,0.6338,0.0015,200,2743.7636
0.6196,0.0000,0.0000,0.0001,0.6181,0.0014,200,2744.3990
0.6252,0.0000,0.0000,0.0001,0.6241,0.0009,200,2745.0186
0.6338,0.0000,0.0000,0.0001,0.6320,0.0017,200,2745.6437
0.6178,0.0000,0.0000,0.0001,0.6161,0.0016,200,2746.2776
0.6063,0.0000,0.0000,0.0001,0.6042,0.0020,200,2746.8954
0.6454,0.0000,0.0000,0.0001,0.6435,0.0018,200,2747.5017
0.6455,0.0000,0.0000,0.0001,0.6440,0.0014,200,2748.1471
0.6367,0.0000,0.0000,0.0000,0.6363,0.0002,200,2748.7926
0.6683,0.0000,0.0000,0.0001,0.6666,0.0016,200,2749.4293
0.6369,0.0000,0.0000,0.0000,0.6353,0.0015,200,2750.0975
0.6089,0.0000,0.0000,0.0001,0.6069,0.0019,200,2750.7345
0.6227,0.0000,0.0000,0.0001,0.6210,0.0016,200,2751.3434
0.6846,0.0000,0.0000,0.0001,0.6829,0.0015,200,2751.9661
0.6030,0.0000,0.0000,0.0001,0.6012,0.0016,200,2752.6506
0.6118,0.0000,0.0000,0.0001,0.6104,0.0012,200,2753.2536
0.6011,0.0000,0.0000,0.0000,0.5996,0.0014,200,2753.8654
0.6209,0.0000,0.0000,0.0002,0.6199,0.0007,200,2754.4665
0.6169,0.0000,0.0000,0.0000,0.6153,0.0016,200,2755.0874
0.6292,0.0000,0.0000,0.0001,0.6272,0.0019,200,2755.7042
0.6093,0.0000,0.0000,0.0002,0.6073,0.0013,200,2756.3335
0.6383,0.0000,0.0000,0.0001,0.6362,0.0018,200,2756.9428
0.6132,0.0000,0.0000,0.0001,0.6109,0.0022,200,2757.5811
0.6558,0.0000,0.0000,0.0001,0.6545,0.0012,200,2758.1943
0.6519,0.0000,0.0000,0.0001,0.6502,0.0016,200,2758.8500
0.6638,0.0000,0.0000,0.0001,0.6621,0.0016,200,2759.5019
0.6040,0.0000,0.0000,0.0001,0.6019,0.0020,200,2760.1657
0.6346,0.0000,0.0000,0.0001,0.6327,0.0018,200,2760.7697
0.6337,0.0000,0.0000,0.0001,0.6312,0.0023,200,2761.4044
0.6336,0.0000,0.0000,0.0001,0.6319,0.0016,200,2762.0380
0.6302,0.0000,0.0000,0.0001,0.6285,0.0016,200,2762.6716
0.6342,0.0000,0.0000,0.0001,0.6323,0.0017,200,2763.3018
0.6146,0.0000,0.0000,0.0001,0.6131,0.0014,200,2763.9360
0.6261,0.0000,0.0000,0.0001,0.6240,0.0020,200,2764.5506
0.6709,0.0000,0.0000,0.0001,0.6691,0.0017,200,2765.1768
0.6243,0.0000,0.0000,0.0002,0.6222,0.0019,200,2765.8477
0.6345,0.0000,0.0000,0.0001,0.6327,0.0017,200,2766.4721
0.6110,0.0000,0.0000,0.0001,0.6099,0.0010,200,2767.1066
0.6404,0.0000,0.0000,0.0001,0.6383,0.0020,200,2767.7176
0.6700,0.0000,0.0000,0.0001,0.6674,0.0024,200,2768.3580
0.6171,0.0000,0.0000,0.0001,0.6154,0.0016,200,2769.0280
0.6353,0.0000,0.0000,0.0000,0.6333,0.0018,200,2769.6452
0.6093,0.0000,0.0000,0.0001,0.6080,0.0012,200,2770.2805
0.6300,0.0000,0.0000,0.0000,0.6284,0.0016,200,2770.8898
0.6060,0.0000,0.0000,0.0000,0.6040,0.0019,200,2771.5198
0.6364,0.0000,0.0000,0.0001,0.6346,0.0017,200,2772.1258
0.6532,0.0000,0.0000,0.0001,0.6516,0.0016,200,2772.7622
0.6260,0.0000,0.0000,0.0001,0.6239,0.0020,200,2773.4155
0.6210,0.0000,0.0000,0.0001,0.6197,0.0012,200,2774.0415
0.6328,0.0000,0.0000,0.0001,0.6315,0.0012,200,2774.6626
0.6358,0.0000,0.0000,0.0001,0.6342,0.0015,200,2775.2954
0.6615,0.0000,0.0000,0.0001,0.6598,0.0016,200,2775.9312
0.6689,0.0000,0.0000,0.0001,0.6670,0.0018,200,2776.5927
0.6288,0.0000,0.0000,0.0001,0.6264,0.0023,200,2777.2617
0.6287,0.0000,0.0000,0.0001,0.6269,0.0017,200,2777.8905
0.6479,0.0000,0.0000,0.0000,0.6464,0.0014,200,2778.5192
0.6259,0.0000,0.0000,0.0000,0.6241,0.0017,200,2779.1671
0.6211,0.0000,0.0000,0.0001,0.6200,0.0010,200,2779.7930
0.6145,0.0000,0.0000,0.0000,0.6133,0.0012,200,2780.4140
0.6293,0.0000,0.0000,0.0001,0.6271,0.0017,200,2781.0285
0.6506,0.0000,0.0000,0.0001,0.6487,0.0018,200,2781.6578
0.6246,0.0000,0.0000,0.0001,0.6227,0.0018,200,2782.3084
0.6406,0.0000,0.0000,0.0001,0.6387,0.0017,200,2782.9330
0.6380,0.0000,0.0000,0.0001,0.6361,0.0017,200,2783.5736
0.6470,0.0000,0.0000,0.0001,0.6453,0.0016,200,2784.2116
0.6176,0.0000,0.0000,0.0001,0.6165,0.0009,200,2784.8586
0.6855,0.0000,0.0000,0.0001,0.6835,0.0019,200,2785.4761
0.6294,0.0000,0.0000,0.0001,0.6276,0.0017,200,2786.1617
0.6405,0.0000,0.0000,0.0001,0.6390,0.0014,200,2786.7911
0.6512,0.0000,0.0000,0.0001,0.6495,0.0016,200,2787.4316
0.6143,0.0000,0.0000,0.0000,0.6127,0.0014,200,2788.0829
0.6432,0.0000,0.0000,0.0000,0.6416,0.0016,200,2788.6972
0.6229,0.0000,0.0000,0.0001,0.6214,0.0013,200,2789.3404
0.6029,0.0000,0.0000,0.0001,0.6015,0.0013,200,2789.9633
0.6145,0.0000,0.0000,0.0000,0.6132,0.0012,200,2790.5662
0.6807,0.0000,0.0000,0.0001,0.6775,0.0029,200,2791.1807
0.6141,0.0000,0.0000,0.0001,0.6122,0.0018,200,2791.8614
0.6190,0.0000,0.0000,0.0001,0.6173,0.0016,200,2792.4754
0.6189,0.0000,0.0000,0.0001,0.6172,0.0017,200,2793.0944
0.6196,0.0000,0.0000,0.0001,0.6182,0.0012,200,2793.7134
0.6230,0.0000,0.0000,0.0000,0.6214,0.0015,200,2794.3330
0.6323,0.0000,0.0000,0.0001,0.6305,0.0017,200,2794.9560
0.6269,0.0000,0.0000,0.0001,0.6252,0.0015,200,2795.5882
0.6201,0.0000,0.0000,0.0001,0.6185,0.0015,200,2796.2151
0.6333,0.0000,0.0000,0.0001,0.6321,0.0011,200,2796.8352
0.6231,0.0000,0.0000,0.0001,0.6211,0.0017,200,2797.4686
0.6478,0.0000,0.0000,0.0001,0.6464,0.0012,200,2798.0916
0.6299,0.0000,0.0000,0.0000,0.6282,0.0017,200,2798.7394
0.6612,0.0000,0.0000,0.0001,0.6597,0.0014,200,2799.3694
0.6060,0.0000,0.0000,0.0001,0.6045,0.0014,200,2800.0305
0.6741,0.0000,0.0000,0.0001,0.6727,0.0012,200,2800.6365
0.6471,0.0000,0.0000,0.0001,0.6456,0.0014,200,2801.3106
0.6212,0.0000,0.0000,0.0000,0.6193,0.0019,200,2801.9577
0.6268,0.0000,0.0000,0.0001,0.6252,0.0015,200,2802.5790
0.6318,0.0000,0.0000,0.0000,0.6297,0.0020,200,2803.2058
0.6262,0.0000,0.0000,0.0001,0.6245,0.0016,200,2803.8376
0.6425,0.0000,0.0000,0.0001,0.6411,0.0013,200,2804.4638
0.6457,0.0000,0.0000,0.0001,0.6441,0.0014,200,2805.1064
0.6237,0.0000,0.0000,0.0001,0.6218,0.0017,200,2805.7520
0.6230,0.0000,0.0000,0.0001,0.6215,0.0013,200,2806.3757
0.6334,0.0000,0.0000,0.0000,0.6323,0.0010,200,2806.9987
0.6086,0.0000,0.0000,0.0000,0.6069,0.0016,200,2807.6322
0.6139,0.0000,0.0000,0.0002,0.6123,0.0013,200,2808.2407
0.6698,0.0000,0.0000,0.0001,0.6675,0.0022,200,2808.8547
0.6638,0.0000,0.0000,0.0001,0.6622,0.0015,200,2809.5245
0.6163,0.0000,0.0000,0.0001,0.6150,0.0012,200,2810.1883
0.6302,0.0000,0.0000,0.0001,0.6285,0.0015,200,2810.8046
0.6137,0.0000,0.0000,0.0001,0.6125,0.0011,200,2811.4348
0.6336,0.0000,0.0000,0.0001,0.6317,0.0018,200,2812.0485
0.6290,0.0000,0.0000,0.0001,0.6271,0.0018,200,2812.6821
0.6370,0.0000,0.0000,0.0001,0.6351,0.0017,200,2813.3111
0.6129,0.0000,0.0000,0.0001,0.6115,0.0012,200,2813.9481
0.6379,0.0000,0.0000,0.0001,0.6363,0.0014,200,2814.5610
0.6369,0.0000,0.0000,0.0001,0.6352,0.0016,200,2815.1989
0.6294,0.0000,0.0000,0.0001,0.6277,0.0016,200,2815.8357
0.6168,0.0000,0.0000,0.0001,0.6149,0.0017,200,2816.4651
0.6247,0.0000,0.0000,0.0001,0.6228,0.0016,200,2817.0820
0.6698,0.0000,0.0000,0.0001,0.6684,0.0013,200,2817.7066
0.6129,0.0000,0.0000,0.0001,0.6109,0.0019,200,2818.3764
0.6323,0.0000,0.0000,0.0001,0.6305,0.0017,200,2818.9893
0.6526,0.0000,0.0000,0.0001,0.6510,0.0015,200,2819.6216
0.8439,0.0000,0.0000,0.0001,0.8421,0.0017,200,2820.2742
0.6209,0.0000,0.0000,0.0000,0.6192,0.0015,200,2821.1181
0.6276,0.0000,0.0000,0.0001,0.6263,0.0012,200,2821.7390
0.6137,0.0000,0.0000,0.0001,0.6119,0.0017,200,2822.3666
0.6073,0.0000,0.0000,0.0001,0.6064,0.0007,200,2822.9803
0.6227,0.0000,0.0000,0.0000,0.6215,0.0011,200,2823.5876
0.6189,0.0000,0.0000,0.0000,0.6171,0.0018,200,2824.2103
0.6512,0.0000,0.0000,0.0001,0.6494,0.0017,200,2824.8292
0.6277,0.0000,0.0000,0.0001,0.6257,0.0015,200,2825.4804
0.6211,0.0000,0.0000,0.0001,0.6191,0.0019,200,2826.1081
0.6306,0.0000,0.0000,0.0001,0.6288,0.0016,200,2826.7291
0.6621,0.0000,0.0000,0.0001,0.6602,0.0017,200,2827.3597
0.6105,0.0000,0.0000,0.0001,0.6088,0.0015,200,2828.0218
0.6006,0.0000,0.0000,0.0001,0.5989,0.0014,200,2828.6322
0.6226,0.0000,0.0000,0.0001,0.6211,0.0013,200,2829.2328
0.6879,0.0000,0.0000,0.0001,0.6866,0.0012,200,2829.8554
0.6186,0.0000,0.0000,0.0000,0.6166,0.0020,200,2830.5432
0.6088,0.0000,0.0000,0.0001,0.6068,0.0019,200,2831.1619
0.6572,0.0000,0.0000,0.0001,0.6553,0.0017,200,2831.7707
0.6246,0.0000,0.0000,0.0001,0.6231,0.0013,200,2832.4279
0.6253,0.0000,0.0000,0.0002,0.6234,0.0017,200,2833.0525
0.6281,0.0000,0.0000,0.0001,0.6260,0.0020,200,2833.6779
0.6288,0.0000,0.0000,0.0001,0.6271,0.0015,200,2834.3060
0.6262,0.0000,0.0000,0.0001,0.6242,0.0018,200,2834.9348
0.6266,0.0000,0.0000,0.0001,0.6248,0.0017,200,2835.5610
0.6505,0.0000,0.0000,0.0001,0.6485,0.0019,200,2836.1876
0.6107,0.0000,0.0000,0.0001,0.6087,0.0018,200,2836.8381
0.6220,0.0000,0.0000,0.0001,0.6202,0.0016,200,2837.4488
0.5973,0.0000,0.0000,0.0001,0.5955,0.0016,200,2838.0708
0.6226,0.0000,0.0000,0.0001,0.6212,0.0013,200,2838.6681
0.6368,0.0000,0.0000,0.0000,0.6352,0.0015,200,2839.2907
0.6404,0.0000,0.0000,0.0001,0.6387,0.0016,200,2839.9275
0.6315,0.0000,0.0000,0.0001,0.6300,0.0014,200,2840.5679
0.6182,0.0000,0.0000,0.0001,0.6162,0.0020,200,2841.1994
0.6608,0.0000,0.0000,0.0001,0.6595,0.0012,200,2841.8176
0.6311,0.0000,0.0000,0.0001,0.6295,0.0015,200,2842.4785
0.6122,0.0000,0.0000,0.0001,0.6103,0.0018,200,2843.1095
0.6423,0.0000,0.0000,0.0001,0.6407,0.0014,200,2843.7217
0.6163,0.0000,0.0000,0.0001,0.6143,0.0019,200,2844.3640
0.6212,0.0000,0.0000,0.0001,0.6191,0.0020,200,2844.9804
0.6225,0.0000,0.0000,0.0001,0.6209,0.0014,200,2845.6016
0.6284,0.0000,0.0000,0.0001,0.6268,0.0014,200,2846.2240
0.6299,0.0000,0.0000,0.0001,0.6286,0.0012,200,2846.8525
0.6154,0.0000,0.0000,0.0000,0.6132,0.0021,200,2847.4824
0.6150,0.0000,0.0000,0.0001,0.6132,0.0016,200,2848.0977
0.6380,0.0000,0.0000,0.0001,0.6362,0.0016,200,2848.7127
0.6139,0.0000,0.0000,0.0001,0.6117,0.0020,200,2849.3507
0.6154,0.0000,0.0000,0.0001,0.6140,0.0012,200,2849.9646
0.6454,0.0000,0.0000,0.0000,0.6438,0.0015,200,2850.5800
0.6349,0.0000,0.0000,0.0001,0.6331,0.0016,200,2851.2254
0.6646,0.0000,0.0000,0.0001,0.6624,0.0021,200,2851.8603
0.6606,0.0000,0.0000,0.0001,0.6587,0.0018,200,2852.5249
0.6219,0.0000,0.0000,0.0001,0.6203,0.0015,200,2853.1855
0.6729,0.0000,0.0000,0.0001,0.6710,0.0017,200,2853.8074
0.6878,0.0000,0.0000,0.0001,0.6862,0.0015,200,2854.4803
0.6277,0.0000,0.0000,0.0001,0.6261,0.0015,200,2855.1681
0.6707,0.0000,0.0000,0.0001,0.6692,0.0014,200,2855.7958
0.6473,0.0000,0.0000,0.0001,0.6452,0.0019,200,2856.4666
0.6742,0.0000,0.0000,0.0001,0.6726,0.0015,200,2857.1138
0.6553,0.0000,0.0000,0.0001,0.6537,0.0015,200,2857.7881
0.6604,0.0000,0.0000,0.0001,0.6584,0.0019,200,2858.4434
0.6831,0.0000,0.0000,0.0001,0.6815,0.0015,200,2859.1038
0.6570,0.0000,0.0000,0.0001,0.6554,0.0015,200,2859.7870
0.6331,0.0000,0.0000,0.0001,0.6314,0.0015,200,2860.4439
0.6581,0.0000,0.0000,0.0001,0.6566,0.0014,200,2861.0770
0.6182,0.0000,0.0000,0.0001,0.6166,0.0015,200,2861.7351
0.6840,0.0000,0.0000,0.0001,0.6820,0.0018,200,2862.3533
0.6444,0.0000,0.0000,0.0001,0.6424,0.0019,200,2863.0373
0.6356,0.0000,0.0000,0.0001,0.6337,0.0018,200,2863.6817
0.6601,0.0000,0.0000,0.0000,0.6585,0.0015,200,2864.3173
0.6289,0.0000,0.0000,0.0001,0.6270,0.0018,200,2864.9774
0.6341,0.0000,0.0000,0.0001,0.6337,0.0003,200,2865.6063
0.6798,0.0000,0.0000,0.0000,0.6783,0.0014,200,2866.2405
0.6265,0.0000,0.0000,0.0001,0.6248,0.0015,200,2866.9203
0.6568,0.0000,0.0000,0.0001,0.6557,0.0011,200,2867.5467
0.6181,0.0000,0.0000,0.0001,0.6162,0.0018,200,2868.2036
0.6487,0.0000,0.0000,0.0001,0.6470,0.0016,200,2868.8217
0.6306,0.0000,0.0000,0.0001,0.6287,0.0017,200,2869.4703
0.6446,0.0000,0.0000,0.0001,0.6430,0.0015,200,2870.1009
0.6370,0.0000,0.0000,0.0001,0.6357,0.0011,200,2870.7455
0.6495,0.0000,0.0000,0.0000,0.6477,0.0016,200,2871.3825
0.6191,0.0000,0.0000,0.0001,0.6176,0.0014,200,2872.0320
0.6236,0.0000,0.0000,0.0001,0.6220,0.0015,200,2872.6511
0.6555,0.0000,0.0000,0.0001,0.6540,0.0014,200,2873.2747
0.6368,0.0000,0.0000,0.0001,0.6352,0.0015,200,2873.9302
0.6709,0.0000,0.0000,0.0001,0.6693,0.0014,200,2874.5671
0.6405,0.0000,0.0000,0.0001,0.6391,0.0013,200,2875.2380
0.6616,0.0000,0.0000,0.0001,0.6600,0.0015,200,2875.8785
0.6904,0.0000,0.0000,0.0002,0.6880,0.0016,200,2876.5401
0.6238,0.0000,0.0000,0.0001,0.6225,0.0011,200,2877.2306
0.6462,0.0000,0.0000,0.0000,0.6446,0.0016,200,2877.8543
0.6238,0.0000,0.0000,0.0001,0.6220,0.0016,200,2878.5005
0.6424,0.0000,0.0000,0.0001,0.6406,0.0016,200,2879.1243
0.6169,0.0000,0.0000,0.0001,0.6155,0.0013,200,2879.7667
0.7496,0.0000,0.0000,0.0001,0.7479,0.0016,200,2880.3837
0.6982,0.0000,0.0000,0.0001,0.6963,0.0017,200,2881.1333
0.6364,0.0000,0.0000,0.0001,0.6345,0.0017,200,2881.8315
0.6446,0.0000,0.0000,0.0001,0.6432,0.0011,200,2882.4679
0.6554,0.0000,0.0000,0.0001,0.6536,0.0016,200,2883.1125
0.6100,0.0000,0.0000,0.0001,0.6084,0.0015,200,2883.7678
0.6452,0.0000,0.0000,0.0001,0.6435,0.0016,200,2884.3779
0.6422,0.0000,0.0000,0.0001,0.6404,0.0016,200,2885.0231
0.6221,0.0000,0.0000,0.0001,0.6192,0.0027,200,2885.6652
0.6366,0.0000,0.0000,0.0001,0.6347,0.0017,200,2886.2873
0.6213,0.0000,0.0000,0.0001,0.6195,0.0017,200,2886.9239
0.6543,0.0000,0.0000,0.0001,0.6526,0.0016,200,2887.5452
0.6152,0.0000,0.0000,0.0001,0.6139,0.0012,200,2888.1995
0.6481,0.0000,0.0000,0.0000,0.6465,0.0015,200,2888.8147
0.6491,0.0000,0.0000,0.0001,0.6473,0.0017,200,2889.4628
0.6400,0.0000,0.0000,0.0001,0.6386,0.0012,200,2890.1120
0.6521,0.0000,0.0000,0.0001,0.6500,0.0019,200,2890.7519
0.7110,0.0000,0.0000,0.0001,0.7096,0.0013,200,2891.4041
0.6333,0.0000,0.0000,0.0001,0.6319,0.0013,200,2892.1151
0.6291,0.0000,0.0000,0.0001,0.6269,0.0021,200,2892.7484
0.6291,0.0000,0.0000,0.0001,0.6271,0.0018,200,2893.3775
0.6279,0.0000,0.0000,0.0001,0.6268,0.0010,200,2894.0066
0.6515,0.0000,0.0000,0.0000,0.6497,0.0017,200,2894.6345
0.6525,0.0000,0.0000,0.0001,0.6517,0.0005,200,2895.2860
0.6481,0.0000,0.0000,0.0000,0.6465,0.0015,200,2895.9385
0.7926,0.0000,0.0000,0.0001,0.7905,0.0020,200,2896.5866
0.6246,0.0000,0.0000,0.0001,0.6227,0.0018,200,2897.3792
0.6210,0.0000,0.0000,0.0001,0.6197,0.0012,200,2898.0038
0.6116,0.0000,0.0000,0.0000,0.6100,0.0016,200,2898.6249
0.6316,0.0000,0.0000,0.0001,0.6298,0.0017,200,2899.2365
0.6339,0.0000,0.0000,0.0000,0.6322,0.0017,200,2899.8681
0.6419,0.0000,0.0000,0.0001,0.6402,0.0015,200,2900.5020
0.6351,0.0000,0.0000,0.0001,0.6334,0.0016,200,2901.1439
0.6804,0.0000,0.0000,0.0001,0.6787,0.0016,200,2901.7790
0.6440,0.0000,0.0000,0.0000,0.6425,0.0013,200,2902.4594
0.6157,0.0000,0.0000,0.0001,0.6144,0.0012,200,2903.1034
0.6348,0.0000,0.0000,0.0001,0.6333,0.0014,200,2903.7192
0.6199,0.0000,0.0000,0.0001,0.6179,0.0018,200,2904.3540
0.6425,0.0000,0.0000,0.0001,0.6407,0.0017,200,2904.9738
0.6420,0.0000,0.0000,0.0001,0.6405,0.0014,200,2905.6163
0.6805,0.0000,0.0000,0.0001,0.6788,0.0016,200,2906.2584
0.6474,0.0000,0.0000,0.0001,0.6454,0.0017,200,2906.9389
0.6475,0.0000,0.0000,0.0001,0.6454,0.0020,200,2907.5862
0.6030,0.0000,0.0000,0.0000,0.6021,0.0008,200,2908.2337
0.6058,0.0000,0.0000,0.0000,0.6039,0.0019,200,2908.8367
0.6145,0.0000,0.0000,0.0001,0.6125,0.0019,200,2909.4425
0.6197,0.0000,0.0000,0.0001,0.6176,0.0020,200,2910.0570
0.6504,0.0000,0.0000,0.0001,0.6489,0.0014,200,2910.6767
0.6382,0.0000,0.0000,0.0001,0.6363,0.0018,200,2911.3272
0.7111,0.0000,0.0000,0.0001,0.7093,0.0017,200,2911.9654
0.6343,0.0000,0.0000,0.0001,0.6326,0.0015,200,2912.6765
0.6417,0.0000,0.0000,0.0001,0.6396,0.0019,200,2913.3108
0.6224,0.0000,0.0000,0.0001,0.6204,0.0018,200,2913.9524
0.6373,0.0000,0.0000,0.0001,0.6352,0.0019,200,2914.5749
0.6288,0.0000,0.0000,0.0001,0.6269,0.0017,200,2915.2121
0.6581,0.0000,0.0000,0.0001,0.6562,0.0018,200,2915.8409
0.7082,0.0000,0.0000,0.0001,0.7065,0.0016,200,2916.4990
0.6291,0.0000,0.0000,0.0001,0.6266,0.0023,200,2917.2073
0.7206,0.0000,0.0000,0.0002,0.7185,0.0016,200,2917.8364
0.6322,0.0000,0.0000,0.0001,0.6308,0.0013,200,2918.5570
0.6335,0.0000,0.0000,0.0001,0.6332,0.0002,200,2919.1892
0.6373,0.0000,0.0000,0.0000,0.6354,0.0018,200,2919.8227
0.6273,0.0000,0.0000,0.0001,0.6255,0.0017,200,2920.4600
0.6548,0.0000,0.0000,0.0001,0.6534,0.0012,200,2921.0874
0.6284,0.0000,0.0000,0.0001,0.6261,0.0021,200,2921.7422
0.6418,0.0000,0.0000,0.0001,0.6400,0.0017,200,2922.3705
0.6371,0.0000,0.0000,0.0001,0.6353,0.0018,200,2923.0124
0.6525,0.0000,0.0000,0.0000,0.6503,0.0020,200,2923.6495
0.6397,0.0000,0.0000,0.0001,0.6376,0.0020,200,2924.3020
0.6287,0.0000,0.0000,0.0001,0.6275,0.0011,200,2924.9417
0.6520,0.0000,0.0000,0.0000,0.6506,0.0014,200,2925.5704
0.6515,0.0000,0.0000,0.0001,0.6499,0.0014,200,2926.2224
0.6536,0.0000,0.0000,0.0001,0.6519,0.0016,200,2926.8739
0.6476,0.0000,0.0000,0.0001,0.6461,0.0014,200,2927.5275
0.6320,0.0000,0.0000,0.0000,0.6303,0.0016,200,2928.1751
0.5997,0.0000,0.0000,0.0001,0.5980,0.0016,200,2928.8071
0.6284,0.0000,0.0000,0.0001,0.6266,0.0017,200,2929.4068
0.6282,0.0000,0.0000,0.0001,0.6269,0.0012,200,2930.0352
0.6405,0.0000,0.0000,0.0001,0.6392,0.0013,200,2930.6634
0.6558,0.0000,0.0000,0.0000,0.6546,0.0010,200,2931.3039
0.6758,0.0000,0.0000,0.0001,0.6743,0.0014,200,2931.9597
0.6506,0.0000,0.0000,0.0001,0.6487,0.0018,200,2932.6355
0.6363,0.0000,0.0000,0.0001,0.6348,0.0014,200,2933.2861
0.6276,0.0000,0.0000,0.0001,0.6262,0.0013,200,2933.9225
0.6516,0.0000,0.0000,0.0001,0.6497,0.0018,200,2934.5500
0.6218,0.0000,0.0000,0.0001,0.6188,0.0028,200,2935.2016
0.6496,0.0000,0.0000,0.0001,0.6477,0.0017,200,2935.8234
0.6431,0.0000,0.0000,0.0001,0.6419,0.0010,200,2936.4730
0.6174,0.0000,0.0000,0.0001,0.6156,0.0017,200,2937.1161
0.6953,0.0000,0.0000,0.0001,0.6934,0.0016,200,2937.7335
0.6343,0.0000,0.0000,0.0001,0.6327,0.0014,200,2938.4288
0.6633,0.0000,0.0000,0.0001,0.6616,0.0015,200,2939.0631
0.6458,0.0000,0.0000,0.0001,0.6448,0.0009,200,2939.7264
0.6072,0.0000,0.0000,0.0001,0.6060,0.0010,200,2940.3722
0.6362,0.0000,0.0000,0.0001,0.6347,0.0014,200,2940.9793
0.6116,0.0000,0.0000,0.0001,0.6098,0.0016,200,2941.6156
0.6571,0.0000,0.0000,0.0001,0.6556,0.0014,200,2942.2272
0.6113,0.0000,0.0000,0.0001,0.6099,0.0013,200,2942.8843
0.6412,0.0000,0.0000,0.0002,0.6395,0.0015,200,2943.4956
0.6552,0.0000,0.0000,0.0001,0.6542,0.0008,200,2944.1368
0.6596,0.0000,0.0000,0.0001,0.6578,0.0017,200,2944.7919
0.6247,0.0000,0.0000,0.0001,0.6232,0.0014,200,2945.4516
0.6163,0.0000,0.0000,0.0001,0.6142,0.0020,200,2946.0763
0.6453,0.0000,0.0000,0.0001,0.6436,0.0014,200,2946.6926
0.6379,0.0000,0.0000,0.0001,0.6360,0.0018,200,2947.3379
0.6262,0.0000,0.0000,0.0001,0.6244,0.0017,200,2947.9758
0.6323,0.0000,0.0000,0.0001,0.6304,0.0018,200,2948.6019
0.6794,0.0000,0.0000,0.0001,0.6773,0.0020,200,2949.2342
0.6210,0.0000,0.0000,0.0001,0.6190,0.0019,200,2949.9136
0.6734,0.0000,0.0000,0.0000,0.6716,0.0016,200,2950.5346
0.6696,0.0000,0.0000,0.0001,0.6676,0.0019,200,2951.2080
0.6587,0.0000,0.0000,0.0001,0.6573,0.0013,200,2951.8776
0.6240,0.0000,0.0000,0.0000,0.6225,0.0014,200,2952.5363
0.5979,0.0000,0.0000,0.0001,0.5969,0.0008,200,2953.1603
0.6025,0.0000,0.0000,0.0000,0.6015,0.0010,200,2953.7582
0.6513,0.0000,0.0000,0.0000,0.6498,0.0015,200,2954.3607
0.6497,0.0000,0.0000,0.0001,0.6487,0.0009,200,2955.0120
0.6113,0.0000,0.0000,0.0000,0.6097,0.0016,200,2955.6617
0.6248,0.0000,0.0000,0.0001,0.6238,0.0009,200,2956.2730
0.6383,0.0000,0.0000,0.0000,0.6376,0.0007,200,2956.8978
0.6341,0.0000,0.0000,0.0000,0.6333,0.0007,200,2957.5362
0.6623,0.0000,0.0000,0.0000,0.6605,0.0018,200,2958.1702
0.6151,0.0000,0.0000,0.0002,0.6132,0.0016,200,2958.8325
0.6149,0.0000,0.0000,0.0001,0.6143,0.0005,200,2959.4477
0.6324,0.0000,0.0000,0.0000,0.6303,0.0021,200,2960.0626
0.6369,0.0000,0.0000,0.0001,0.6353,0.0014,200,2960.6950
0.5945,0.0000,0.0000,0.0001,0.5932,0.0012,200,2961.3320
0.6572,0.0000,0.0000,0.0001,0.6558,0.0013,200,2961.9264
0.6230,0.0000,0.0000,0.0000,0.6221,0.0008,200,2962.5836
0.6829,0.0000,0.0000,0.0000,0.6823,0.0005,200,2963.2067
0.6299,0.0000,0.0000,0.0000,0.6289,0.0010,200,2963.8895
0.6326,0.0000,0.0000,0.0000,0.6316,0.0009,200,2964.5195
0.6297,0.0000,0.0000,0.0000,0.6286,0.0010,200,2965.1520
0.6237,0.0000,0.0000,0.0000,0.6230,0.0007,200,2965.7817
0.6336,0.0000,0.0000,0.0000,0.6327,0.0009,200,2966.4055
0.6460,0.0000,0.0000,0.0000,0.6446,0.0013,200,2967.0391
0.6418,0.0000,0.0000,0.0000,0.6408,0.0010,200,2967.6851
0.5937,0.0000,0.0000,0.0000,0.5925,0.0012,200,2968.3269
0.6325,0.0000,0.0000,0.0000,0.6306,0.0018,200,2968.9207
0.6653,0.0000,0.0000,0.0001,0.6639,0.0013,200,2969.5531
0.6432,0.0000,0.0000,0.0000,0.6421,0.0010,200,2970.2185
0.6219,0.0000,0.0000,0.0000,0.6203,0.0016,200,2970.8616
0.6334,0.0000,0.0000,0.0001,0.6301,0.0031,200,2971.4835
0.6471,0.0000,0.0000,0.0001,0.6452,0.0018,200,2972.1169
0.6032,0.0000,0.0000,0.0001,0.6016,0.0015,200,2972.7640
0.6711,0.0000,0.0000,0.0001,0.6701,0.0009,200,2973.3672
0.6244,0.0000,0.0000,0.0000,0.6237,0.0008,200,2974.0383
0.6032,0.0000,0.0000,0.0000,0.6022,0.0010,200,2974.6628
0.6308,0.0000,0.0000,0.0000,0.6294,0.0013,200,2975.2660
0.6452,0.0000,0.0000,0.0003,0.6441,0.0008,200,2975.8968
0.6328,0.0000,0.0000,0.0000,0.6318,0.0010,200,2976.5421
0.6154,0.0000,0.0000,0.0000,0.6146,0.0008,200,2977.1749
0.6338,0.0000,0.0000,0.0000,0.6322,0.0015,200,2977.7903
0.6182,0.0000,0.0000,0.0001,0.6161,0.0020,200,2978.4240
0.6422,0.0000,0.0000,0.0001,0.6409,0.0012,200,2979.0423
0.6087,0.0000,0.0000,0.0000,0.6076,0.0010,200,2979.6845
0.6357,0.0000,0.0000,0.0000,0.6348,0.0008,200,2980.2932
0.6048,0.0000,0.0000,0.0000,0.6029,0.0018,200,2980.9289
0.6092,0.0000,0.0000,0.0001,0.6078,0.0013,200,2981.5336
0.6485,0.0000,0.0000,0.0001,0.6472,0.0012,200,2982.1428
0.6319,0.0000,0.0000,0.0001,0.6301,0.0016,200,2982.7913
0.6205,0.0000,0.0000,0.0001,0.6190,0.0014,200,2983.4232
0.6406,0.0000,0.0000,0.0001,0.6398,0.0006,200,2984.0437
0.6267,0.0000,0.0000,0.0000,0.6250,0.0017,200,2984.6843
0.6563,0.0000,0.0000,0.0001,0.6547,0.0014,200,2985.3110
0.6998,0.0000,0.0000,0.0001,0.6982,0.0015,200,2985.9673
0.6311,0.0000,0.0000,0.0001,0.6295,0.0015,200,2986.6671
0.6327,0.0000,0.0000,0.0001,0.6317,0.0009,200,2987.2982
0.6124,0.0000,0.0000,0.0001,0.6103,0.0020,200,2987.9309
0.6361,0.0000,0.0000,0.0001,0.6343,0.0016,200,2988.5433
0.6207,0.0000,0.0000,0.0001,0.6192,0.0014,200,2989.1794
0.6118,0.0000,0.0000,0.0001,0.6103,0.0014,200,2989.8001
0.6389,0.0000,0.0000,0.0001,0.6369,0.0019,200,2990.4119
0.6336,0.0000,0.0000,0.0001,0.6317,0.0017,200,2991.0508
0.6597,0.0000,0.0000,0.0001,0.6579,0.0016,200,2991.6844
0.6256,0.0000,0.0000,0.0001,0.6238,0.0017,200,2992.3440
0.6282,0.0000,0.0000,0.0001,0.6264,0.0017,200,2992.9697
0.6224,0.0000,0.0000,0.0001,0.6211,0.0012,200,2993.5978
0.6398,0.0000,0.0000,0.0001,0.6376,0.0020,200,2994.2202
0.6559,0.0000,0.0000,0.0001,0.6539,0.0019,200,2994.8600
0.6304,0.0000,0.0000,0.0001,0.6287,0.0015,200,2995.5159
0.6596,0.0000,0.0000,0.0001,0.6576,0.0018,200,2996.1463
0.6550,0.0000,0.0000,0.0001,0.6530,0.0019,200,2996.8059
0.6568,0.0000,0.0000,0.0001,0.6552,0.0015,200,2997.4609
0.6344,0.0000,0.0000,0.0001,0.6327,0.0016,200,2998.1177
0.6777,0.0000,0.0000,0.0000,0.6759,0.0017,200,2998.7522
0.6104,0.0000,0.0000,0.0001,0.6091,0.0012,200,2999.4299
0.6280,0.0000,0.0000,0.0001,0.6261,0.0018,200,3000.0403
0.6235,0.0000,0.0000,0.0001,0.6226,0.0008,200,3000.6683
0.6386,0.0000,0.0000,0.0000,0.6369,0.0016,200,3001.2918
0.6185,0.0000,0.0000,0.0001,0.6171,0.0012,200,3001.9304
0.6427,0.0000,0.0000,0.0001,0.6411,0.0015,200,3002.5488
0.6128,0.0000,0.0000,0.0001,0.6112,0.0015,200,3003.1915
0.6240,0.0000,0.0000,0.0001,0.6222,0.0017,200,3003.8043
0.6101,0.0000,0.0000,0.0001,0.6086,0.0014,200,3004.4283
0.6483,0.0000,0.0000,0.0001,0.6463,0.0019,200,3005.0384
0.6643,0.0000,0.0000,0.0001,0.6626,0.0016,200,3005.6868
0.6532,0.0000,0.0000,0.0001,0.6517,0.0014,200,3006.3511
0.6732,0.0000,0.0000,0.0001,0.6715,0.0016,200,3007.0043
0.6138,0.0000,0.0000,0.0001,0.6121,0.0017,200,3007.6775
0.6238,0.0000,0.0000,0.0001,0.6222,0.0015,200,3008.2913
0.6285,0.0000,0.0000,0.0001,0.6263,0.0021,200,3008.9151
0.6329,0.0000,0.0000,0.0001,0.6311,0.0017,200,3009.5436
0.6581,0.0000,0.0000,0.0001,0.6564,0.0016,200,3010.1765
0.6072,0.0000,0.0000,0.0001,0.6050,0.0021,200,3010.8346
0.6387,0.0000,0.0000,0.0001,0.6366,0.0019,200,3011.4418
0.6695,0.0000,0.0000,0.0002,0.6684,0.0008,200,3012.0805
0.6340,0.0000,0.0000,0.0001,0.6320,0.0019,200,3012.7500
0.6336,0.0000,0.0000,0.0001,0.6321,0.0013,200,3013.3840
0.6136,0.0000,0.0000,0.0000,0.6120,0.0015,200,3014.0176
0.6280,0.0000,0.0000,0.0001,0.6263,0.0016,200,3014.6312
0.6120,0.0000,0.0000,0.0001,0.6102,0.0016,200,3015.2592
0.6523,0.0000,0.0000,0.0001,0.6507,0.0015,200,3015.8712
0.6500,0.0000,0.0000,0.0001,0.6483,0.0016,200,3016.5235
0.6295,0.0000,0.0000,0.0001,0.6277,0.0017,200,3017.1735
0.6346,0.0000,0.0000,0.0001,0.6328,0.0015,200,3017.8030
0.6168,0.0000,0.0000,0.0001,0.6154,0.0013,200,3018.4376
0.6189,0.0000,0.0000,0.0001,0.6166,0.0022,200,3019.0544
0.6289,0.0000,0.0000,0.0001,0.6271,0.0017,200,3019.6733
0.6452,0.0000,0.0000,0.0001,0.6437,0.0014,200,3020.3022
0.6216,0.0000,0.0000,0.0001,0.6197,0.0018,200,3020.9474
0.5995,0.0000,0.0000,0.0001,0.5981,0.0013,200,3021.5690
0.6499,0.0000,0.0000,0.0001,0.6487,0.0010,200,3022.1686
0.6223,0.0000,0.0000,0.0001,0.6209,0.0013,200,3022.8185
0.6255,0.0000,0.0000,0.0001,0.6246,0.0008,200,3023.4409
0.6048,0.0000,0.0000,0.0000,0.6032,0.0015,200,3024.0664
0.6455,0.0000,0.0000,0.0001,0.6434,0.0020,200,3024.6712
0.6545,0.0000,0.0000,0.0001,0.6526,0.0017,200,3025.3167
0.6507,0.0000,0.0000,0.0001,0.6486,0.0020,200,3025.9712
0.6540,0.0000,0.0000,0.0001,0.6519,0.0019,200,3026.6219
0.6548,0.0000,0.0000,0.0001,0.6534,0.0014,200,3027.2759
0.6219,0.0000,0.0000,0.0001,0.6204,0.0014,200,3027.9308
0.6109,0.0000,0.0000,0.0001,0.6086,0.0019,200,3028.5527
0.6498,0.0000,0.0000,0.0001,0.6480,0.0016,200,3029.1636
0.6452,0.0000,0.0000,0.0001,0.6434,0.0017,200,3029.8134
0.6227,0.0000,0.0000,0.0001,0.6219,0.0007,200,3030.4586
0.6204,0.0000,0.0000,0.0000,0.6191,0.0013,200,3031.0814
0.6262,0.0000,0.0000,0.0000,0.6243,0.0017,200,3031.7018
0.6403,0.0000,0.0000,0.0001,0.6387,0.0014,200,3032.3280
0.5994,0.0000,0.0000,0.0001,0.5975,0.0017,200,3032.9683
0.6378,0.0000,0.0000,0.0001,0.6359,0.0018,200,3033.5677
0.6497,0.0000,0.0000,0.0001,0.6482,0.0014,200,3034.2055
0.6811,0.0000,0.0000,0.0001,0.6795,0.0014,200,3034.8552
0.6112,0.0000,0.0000,0.0000,0.6091,0.0020,200,3035.5363
0.6339,0.0000,0.0000,0.0001,0.6320,0.0018,200,3036.1475
0.6185,0.0000,0.0000,0.0001,0.6167,0.0017,200,3036.7814
0.6278,0.0000,0.0000,0.0001,0.6262,0.0015,200,3037.4000
0.6423,0.0000,0.0000,0.0001,0.6409,0.0013,200,3038.0278
0.6600,0.0000,0.0000,0.0000,0.6581,0.0019,200,3038.6700
0.6340,0.0000,0.0000,0.0001,0.6323,0.0015,200,3039.3301
0.8273,0.0000,0.0000,0.0001,0.8253,0.0018,200,3039.9641
0.6483,0.0000,0.0000,0.0001,0.6467,0.0015,200,3040.7914
0.6266,0.0000,0.0000,0.0001,0.6252,0.0013,200,3041.4397
0.6458,0.0000,0.0000,0.0001,0.6442,0.0015,200,3042.0663
0.6241,0.0000,0.0000,0.0001,0.6223,0.0016,200,3042.7121
0.6413,0.0000,0.0000,0.0001,0.6404,0.0008,200,3043.3362
0.6521,0.0000,0.0000,0.0000,0.6505,0.0016,200,3043.9775
0.6219,0.0000,0.0000,0.0001,0.6199,0.0019,200,3044.6296
0.6880,0.0000,0.0000,0.0001,0.6864,0.0015,200,3045.2515
0.6342,0.0000,0.0000,0.0001,0.6323,0.0017,200,3045.9395
0.6608,0.0000,0.0000,0.0001,0.6590,0.0015,200,3046.5738
0.6119,0.0000,0.0000,0.0001,0.6102,0.0016,200,3047.2345
0.6174,0.0000,0.0000,0.0000,0.6161,0.0012,200,3047.8464
0.6197,0.0000,0.0000,0.0001,0.6181,0.0016,200,3048.4638
0.6252,0.0000,0.0000,0.0001,0.6233,0.0018,200,3049.0836
0.6217,0.0000,0.0000,0.0001,0.6200,0.0016,200,3049.7088
0.6227,0.0000,0.0000,0.0001,0.6210,0.0016,200,3050.3305
0.6481,0.0000,0.0000,0.0001,0.6459,0.0020,200,3050.9532
0.6581,0.0000,0.0000,0.0001,0.6564,0.0016,200,3051.6013
0.6151,0.0000,0.0000,0.0001,0.6136,0.0014,200,3052.2595
0.6405,0.0000,0.0000,0.0001,0.6387,0.0017,200,3052.8746
0.6397,0.0000,0.0000,0.0001,0.6380,0.0016,200,3053.5151
0.6272,0.0000,0.0000,0.0001,0.6250,0.0020,200,3054.1548
0.6107,0.0000,0.0000,0.0001,0.6087,0.0019,200,3054.7821
0.6944,0.0000,0.0000,0.0001,0.6933,0.0010,200,3055.3928
0.6641,0.0000,0.0000,0.0001,0.6624,0.0015,200,3056.0872
0.6243,0.0000,0.0000,0.0001,0.6228,0.0013,200,3056.7512
0.6302,0.0000,0.0000,0.0001,0.6283,0.0019,200,3057.3755
0.6579,0.0000,0.0000,0.0001,0.6564,0.0014,200,3058.0058
0.6547,0.0000,0.0000,0.0001,0.6526,0.0019,200,3058.6637
0.6182,0.0000,0.0000,0.0001,0.6167,0.0014,200,3059.3184
0.6255,0.0000,0.0000,0.0001,0.6236,0.0016,200,3059.9366
0.6419,0.0000,0.0000,0.0001,0.6402,0.0016,200,3060.5621
0.6167,0.0000,0.0000,0.0000,0.6150,0.0016,200,3061.2040
0.6486,0.0000,0.0000,0.0001,0.6466,0.0019,200,3061.8207
0.6485,0.0000,0.0000,0.0001,0.6465,0.0020,200,3062.4693
0.6250,0.0000,0.0000,0.0001,0.6235,0.0014,200,3063.1179
0.6161,0.0000,0.0000,0.0001,0.6143,0.0017,200,3063.7429
0.6185,0.0000,0.0000,0.0001,0.6166,0.0017,200,3064.3590
0.6639,0.0000,0.0000,0.0001,0.6622,0.0015,200,3064.9775
0.6621,0.0000,0.0000,0.0001,0.6605,0.0014,200,3065.6413
0.6157,0.0000,0.0000,0.0001,0.6139,0.0017,200,3066.3034
0.6118,0.0000,0.0000,0.0001,0.6107,0.0010,200,3066.9191
0.6266,0.0000,0.0000,0.0000,0.6251,0.0015,200,3067.5309
0.6291,0.0000,0.0000,0.0001,0.6273,0.0016,200,3068.1575
0.6196,0.0000,0.0000,0.0001,0.6176,0.0019,200,3068.7866
0.6456,0.0000,0.0000,0.0001,0.6431,0.0024,200,3069.4062
0.6337,0.0000,0.0000,0.0001,0.6316,0.0020,200,3070.0518
0.6123,0.0000,0.0000,0.0001,0.6100,0.0022,200,3070.6856
0.6223,0.0000,0.0000,0.0001,0.6206,0.0015,200,3071.2978
0.6230,0.0000,0.0000,0.0001,0.6212,0.0017,200,3071.9201
0.6019,0.0000,0.0000,0.0000,0.5997,0.0021,200,3072.5431
0.6345,0.0000,0.0000,0.0001,0.6328,0.0016,200,3073.1450
0.6040,0.0000,0.0000,0.0001,0.6032,0.0007,200,3073.7796
0.6289,0.0000,0.0000,0.0001,0.6270,0.0017,200,3074.3836
0.6278,0.0000,0.0000,0.0001,0.6260,0.0016,200,3075.0125
0.6217,0.0000,0.0000,0.0001,0.6204,0.0012,200,3075.6402
0.6405,0.0000,0.0000,0.0001,0.6389,0.0015,200,3076.2619
0.6153,0.0000,0.0000,0.0001,0.6135,0.0017,200,3076.9024
0.6536,0.0000,0.0000,0.0001,0.6521,0.0014,200,3077.5178
0.6342,0.0000,0.0000,0.0001,0.6324,0.0017,200,3078.1714
0.6274,0.0000,0.0000,0.0001,0.6260,0.0014,200,3078.8056
0.6514,0.0000,0.0000,0.0001,0.6495,0.0018,200,3079.4331
0.6513,0.0000,0.0000,0.0002,0.6497,0.0013,200,3080.0845
0.6456,0.0000,0.0000,0.0001,0.6440,0.0014,200,3080.7358
0.6217,0.0000,0.0000,0.0001,0.6192,0.0024,200,3081.3814
0.6446,0.0000,0.0000,0.0001,0.6427,0.0017,200,3082.0031
0.6128,0.0000,0.0000,0.0001,0.6094,0.0033,200,3082.6476
0.6775,0.0000,0.0000,0.0001,0.6762,0.0013,200,3083.2604
0.6170,0.0000,0.0000,0.0001,0.6158,0.0011,200,3083.9380
0.6148,0.0000,0.0000,0.0001,0.6131,0.0016,200,3084.5549
0.6052,0.0000,0.0000,0.0001,0.6036,0.0015,200,3085.1697
0.6169,0.0000,0.0000,0.0001,0.6151,0.0017,200,3085.7749
0.6002,0.0000,0.0000,0.0001,0.5984,0.0016,200,3086.3918
0.6353,0.0000,0.0000,0.0001,0.6334,0.0017,200,3086.9920
0.6284,0.0000,0.0000,0.0001,0.6270,0.0013,200,3087.6273
0.6308,0.0000,0.0000,0.0001,0.6288,0.0018,200,3088.2557
0.6300,0.0000,0.0000,0.0001,0.6286,0.0013,200,3088.8865
0.6510,0.0000,0.0000,0.0002,0.6494,0.0013,200,3089.5165
0.6333,0.0000,0.0000,0.0001,0.6312,0.0020,200,3090.1675
0.6335,0.0000,0.0000,0.0001,0.6324,0.0009,200,3090.8008
0.6288,0.0000,0.0000,0.0001,0.6264,0.0022,200,3091.4343
0.6145,0.0000,0.0000,0.0001,0.6127,0.0016,200,3092.0631
0.6542,0.0000,0.0000,0.0001,0.6531,0.0010,200,3092.6776
0.6281,0.0000,0.0000,0.0001,0.6269,0.0010,200,3093.3318
0.6276,0.0000,0.0000,0.0001,0.6262,0.0013,200,3093.9599
0.6158,0.0000,0.0000,0.0001,0.6155,0.0002,200,3094.5875
0.6160,0.0000,0.0000,0.0000,0.6142,0.0017,200,3095.2034
0.6285,0.0000,0.0000,0.0001,0.6264,0.0020,200,3095.8194
0.6823,0.0000,0.0000,0.0001,0.6805,0.0017,200,3096.4478
0.6463,0.0000,0.0000,0.0001,0.6422,0.0041,200,3097.1301
0.6508,0.0000,0.0000,0.0001,0.6490,0.0015,200,3097.7764
0.6354,0.0000,0.0000,0.0001,0.6337,0.0015,200,3098.4273
0.6389,0.0000,0.0000,0.0001,0.6380,0.0007,200,3099.0627
0.6410,0.0000,0.0000,0.0001,0.6389,0.0020,200,3099.7016
0.6269,0.0000,0.0000,0.0001,0.6249,0.0019,200,3100.3426
0.6546,0.0000,0.0000,0.0001,0.6519,0.0026,200,3100.9695
0.6147,0.0000,0.0000,0.0001,0.6130,0.0016,200,3101.6241
0.8242,0.0000,0.0000,0.0001,0.8226,0.0014,200,3102.2388
0.6024,0.0000,0.0000,0.0001,0.6003,0.0018,200,3103.0630
0.6167,0.0000,0.0000,0.0001,0.6155,0.0011,200,3103.6653
0.6254,0.0000,0.0000,0.0000,0.6237,0.0016,200,3104.2820
0.6533,0.0000,0.0000,0.0001,0.6520,0.0012,200,3104.9074
0.6107,0.0000,0.0000,0.0001,0.6089,0.0017,200,3105.5608
0.6684,0.0000,0.0000,0.0001,0.6668,0.0015,200,3106.1715
0.6587,0.0000,0.0000,0.0001,0.6575,0.0011,200,3106.8399
0.6258,0.0000,0.0000,0.0001,0.6242,0.0015,200,3107.4986
0.6128,0.0000,0.0000,0.0001,0.6108,0.0018,200,3108.1244
0.6181,0.0000,0.0000,0.0001,0.6165,0.0015,200,3108.7372
0.6146,0.0000,0.0000,0.0001,0.6116,0.0029,200,3109.3553
0.6483,0.0000,0.0000,0.0001,0.6468,0.0013,200,3109.9699
0.6149,0.0000,0.0000,0.0001,0.6133,0.0015,200,3110.6182
0.6197,0.0000,0.0000,0.0000,0.6179,0.0017,200,3111.2331
0.6415,0.0000,0.0000,0.0001,0.6399,0.0015,200,3111.8528
0.6164,0.0000,0.0000,0.0001,0.6155,0.0008,200,3112.4944
0.6001,0.0000,0.0000,0.0001,0.5985,0.0015,200,3113.1108
0.6238,0.0000,0.0000,0.0001,0.6227,0.0010,200,3113.7108
0.6166,0.0000,0.0000,0.0001,0.6156,0.0009,200,3114.3347
0.6152,0.0000,0.0000,0.0001,0.6134,0.0017,200,3114.9513
0.5929,0.0000,0.0000,0.0001,0.5910,0.0018,200,3115.5666
0.6400,0.0000,0.0000,0.0001,0.6383,0.0015,200,3116.1595
0.6398,0.0000,0.0000,0.0001,0.6380,0.0016,200,3116.7994
0.6325,0.0000,0.0000,0.0001,0.6306,0.0016,200,3117.4393
0.6142,0.0000,0.0000,0.0001,0.6128,0.0013,200,3118.0718
0.6087,0.0000,0.0000,0.0001,0.6072,0.0014,200,3118.6860
0.6484,0.0000,0.0000,0.0001,0.6473,0.0010,200,3119.2947
0.6116,0.0000,0.0000,0.0001,0.6101,0.0013,200,3119.9431
0.6650,0.0000,0.0000,0.0000,0.6627,0.0022,200,3120.5547
0.6565,0.0000,0.0000,0.0001,0.6544,0.0020,200,3121.2197
0.6181,0.0000,0.0000,0.0003,0.6163,0.0015,200,3121.8762
0.6533,0.0000,0.0000,0.0001,0.6517,0.0015,200,3122.4944
0.6223,0.0000,0.0000,0.0001,0.6202,0.0020,200,3123.1477
0.6133,0.0000,0.0000,0.0001,0.6111,0.0020,200,3123.7700
0.6242,0.0000,0.0000,0.0001,0.6225,0.0016,200,3124.3833
0.6086,0.0000,0.0000,0.0001,0.6069,0.0016,200,3125.0075
0.6749,0.0000,0.0000,0.0001,0.6734,0.0014,200,3125.6161
0.6112,0.0000,0.0000,0.0001,0.6100,0.0012,200,3126.2910
0.6292,0.0000,0.0000,0.0001,0.6276,0.0015,200,3126.9022
0.5936,0.0000,0.0000,0.0001,0.5921,0.0014,200,3127.5314
0.6169,0.0000,0.0000,0.0001,0.6153,0.0015,200,3128.1251
0.6015,0.0000,0.0000,0.0000,0.5999,0.0015,200,3128.7420
0.6245,0.0000,0.0000,0.0001,0.6233,0.0011,200,3129.3436
0.6661,0.0000,0.0000,0.0000,0.6648,0.0012,200,3129.9681
0.7401,0.0000,0.0000,0.0001,0.7383,0.0016,200,3130.6342
0.6073,0.0000,0.0000,0.0001,0.6055,0.0017,200,3131.3743
0.6199,0.0000,0.0000,0.0001,0.6178,0.0019,200,3131.9816
0.6170,0.0000,0.0000,0.0001,0.6155,0.0013,200,3132.6015
0.6505,0.0000,0.0000,0.0001,0.6494,0.0010,200,3133.2185
0.6157,0.0000,0.0000,0.0001,0.6135,0.0021,200,3133.8690
0.6171,0.0000,0.0000,0.0001,0.6154,0.0016,200,3134.4847
0.6472,0.0000,0.0000,0.0001,0.6458,0.0012,200,3135.1018
0.6321,0.0000,0.0000,0.0001,0.6302,0.0017,200,3135.7490
0.6233,0.0000,0.0000,0.0001,0.6212,0.0019,200,3136.3811
0.6161,0.0000,0.0000,0.0001,0.6148,0.0012,200,3137.0044
0.6392,0.0000,0.0000,0.0001,0.6381,0.0011,200,3137.6205
0.6207,0.0000,0.0000,0.0001,0.6187,0.0019,200,3138.2597
0.6379,0.0000,0.0000,0.0002,0.6365,0.0011,200,3138.8805
0.6290,0.0000,0.0000,0.0001,0.6272,0.0016,200,3139.5184
0.6352,0.0000,0.0000,0.0001,0.6336,0.0015,200,3140.1474
0.6466,0.0000,0.0000,0.0001,0.6449,0.0016,200,3140.7826
0.6207,0.0000,0.0000,0.0001,0.6187,0.0019,200,3141.4292
0.6199,0.0000,0.0000,0.0001,0.6180,0.0018,200,3142.0500
0.6346,0.0000,0.0000,0.0001,0.6327,0.0018,200,3142.6699
0.6287,0.0000,0.0000,0.0001,0.6271,0.0014,200,3143.3045
0.6317,0.0000,0.0000,0.0000,0.6297,0.0019,200,3143.9332
0.6428,0.0000,0.0000,0.0001,0.6424,0.0002,200,3144.5649
0.6279,0.0000,0.0000,0.0001,0.6262,0.0016,200,3145.2077
0.6488,0.0000,0.0000,0.0001,0.6461,0.0026,200,3145.8356
0.6430,0.0000,0.0000,0.0001,0.6413,0.0015,200,3146.4843
0.6034,0.0000,0.0000,0.0001,0.6016,0.0018,200,3147.1273
0.6559,0.0000,0.0000,0.0001,0.6542,0.0016,200,3147.7307
0.6173,0.0000,0.0000,0.0001,0.6157,0.0015,200,3148.3866
0.6300,0.0000,0.0000,0.0001,0.6279,0.0020,200,3149.0039
0.6254,0.0000,0.0000,0.0001,0.6238,0.0015,200,3149.6340
0.6098,0.0000,0.0000,0.0001,0.6080,0.0017,200,3150.2593
0.6077,0.0000,0.0000,0.0001,0.6058,0.0018,200,3150.8691
0.6289,0.0000,0.0000,0.0001,0.6268,0.0019,200,3151.4768
0.6248,0.0000,0.0000,0.0001,0.6230,0.0017,200,3152.1057
0.6273,0.0000,0.0000,0.0001,0.6256,0.0016,200,3152.7306
0.6605,0.0000,0.0000,0.0001,0.6588,0.0016,200,3153.3579
0.6160,0.0000,0.0000,0.0001,0.6142,0.0016,200,3154.0184
0.6125,0.0000,0.0000,0.0001,0.6110,0.0014,200,3154.6343
0.7828,0.0000,0.0000,0.0001,0.7811,0.0014,200,3155.2468
0.6825,0.0000,0.0000,0.0001,0.6810,0.0014,200,3156.0296
0.6352,0.0000,0.0000,0.0001,0.6336,0.0015,200,3156.7121
0.6167,0.0000,0.0000,0.0001,0.6152,0.0014,200,3157.3473
0.6523,0.0000,0.0000,0.0000,0.6513,0.0009,200,3157.9640
0.6397,0.0000,0.0000,0.0001,0.6385,0.0011,200,3158.6164
0.6410,0.0000,0.0000,0.0001,0.6383,0.0025,200,3159.2561
0.6308,0.0000,0.0000,0.0001,0.6294,0.0013,200,3159.8971
0.6467,0.0000,0.0000,0.0000,0.6449,0.0017,200,3160.5279
0.6350,0.0000,0.0000,0.0000,0.6329,0.0020,200,3161.1746
0.6342,0.0000,0.0000,0.0001,0.6325,0.0015,200,3161.8096
0.6113,0.0000,0.0000,0.0001,0.6096,0.0015,200,3162.4438
0.6211,0.0000,0.0000,0.0001,0.6196,0.0013,200,3163.0551
0.6355,0.0000,0.0000,0.0001,0.6338,0.0015,200,3163.6762
0.6496,0.0000,0.0000,0.0001,0.6478,0.0017,200,3164.3117
0.6059,0.0000,0.0000,0.0001,0.6044,0.0014,200,3164.9613
0.6431,0.0000,0.0000,0.0001,0.6411,0.0019,200,3165.5672
0.6452,0.0000,0.0000,0.0001,0.6434,0.0016,200,3166.2103
0.6204,0.0000,0.0000,0.0001,0.6186,0.0016,200,3166.8555
0.6033,0.0000,0.0000,0.0001,0.6015,0.0016,200,3167.4759
0.6288,0.0000,0.0000,0.0001,0.6272,0.0015,200,3168.0792
0.6598,0.0000,0.0000,0.0001,0.6582,0.0015,200,3168.7080
0.6224,0.0000,0.0000,0.0001,0.6211,0.0012,200,3169.3679
0.6265,0.0000,0.0000,0.0001,0.6255,0.0010,200,3169.9903
0.6119,0.0000,0.0000,0.0001,0.6103,0.0015,200,3170.6168
0.6315,0.0000,0.0000,0.0001,0.6295,0.0018,200,3171.2288
0.6072,0.0000,0.0000,0.0001,0.6053,0.0017,200,3171.8603
0.5899,0.0000,0.0000,0.0001,0.5883,0.0015,200,3172.4674
0.6234,0.0000,0.0000,0.0001,0.6215,0.0018,200,3173.0574
0.6359,0.0000,0.0000,0.0001,0.6342,0.0016,200,3173.6808
0.6211,0.0000,0.0000,0.0001,0.6196,0.0014,200,3174.3168
0.6283,0.0000,0.0000,0.0001,0.6269,0.0013,200,3174.9379
0.6204,0.0000,0.0000,0.0000,0.6190,0.0013,200,3175.5662
0.6235,0.0000,0.0000,0.0001,0.6222,0.0012,200,3176.1866
0.6075,0.0000,0.0000,0.0001,0.6064,0.0011,200,3176.8102
0.6126,0.0000,0.0000,0.0000,0.6109,0.0016,200,3177.4177
0.6511,0.0000,0.0000,0.0001,0.6494,0.0015,200,3178.0303
0.6401,0.0000,0.0000,0.0001,0.6383,0.0017,200,3178.6814
0.6547,0.0000,0.0000,0.0001,0.6528,0.0017,200,3179.3215
0.6360,0.0000,0.0000,0.0001,0.6341,0.0018,200,3179.9763
0.6335,0.0000,0.0000,0.0001,0.6314,0.0019,200,3180.6123
0.6020,0.0000,0.0000,0.0001,0.5990,0.0029,200,3181.2458
0.6715,0.0000,0.0000,0.0001,0.6698,0.0015,200,3181.8478
0.6285,0.0000,0.0000,0.0001,0.6271,0.0013,200,3182.5193
0.6193,0.0000,0.0000,0.0001,0.6174,0.0017,200,3183.1478
0.6298,0.0000,0.0000,0.0001,0.6282,0.0014,200,3183.7671
0.6306,0.0000,0.0000,0.0001,0.6291,0.0014,200,3184.3969
0.6545,0.0000,0.0000,0.0001,0.6523,0.0021,200,3185.0275
0.6255,0.0000,0.0000,0.0001,0.6241,0.0013,200,3185.6821
0.6398,0.0000,0.0000,0.0001,0.6380,0.0016,200,3186.3076
0.6309,0.0000,0.0000,0.0001,0.6291,0.0017,200,3186.9473
0.6296,0.0000,0.0000,0.0001,0.6276,0.0019,200,3187.5782
0.6276,0.0000,0.0000,0.0001,0.6265,0.0011,200,3188.2078
0.6468,0.0000,0.0000,0.0000,0.6458,0.0009,200,3188.8355
0.6146,0.0000,0.0000,0.0001,0.6134,0.0011,200,3189.4823
0.6329,0.0000,0.0000,0.0001,0.6306,0.0023,200,3190.0968
0.6151,0.0000,0.0000,0.0001,0.6135,0.0015,200,3190.7298
0.6311,0.0000,0.0000,0.0001,0.6292,0.0018,200,3191.3449
0.6475,0.0000,0.0000,0.0001,0.6459,0.0014,200,3191.9761
0.6188,0.0000,0.0000,0.0001,0.6171,0.0015,200,3192.6236
0.6316,0.0000,0.0000,0.0001,0.6300,0.0014,200,3193.2424
0.6901,0.0000,0.0000,0.0002,0.6885,0.0014,200,3193.8740
0.6232,0.0000,0.0000,0.0001,0.6215,0.0016,200,3194.5641
0.6811,0.0000,0.0000,0.0001,0.6792,0.0018,200,3195.1873
0.6221,0.0000,0.0000,0.0001,0.6206,0.0012,200,3195.8684
0.6248,0.0000,0.0000,0.0001,0.6232,0.0016,200,3196.4906
0.6193,0.0000,0.0000,0.0001,0.6162,0.0029,200,3197.1154
0.6318,0.0000,0.0000,0.0001,0.6310,0.0007,200,3197.7347
0.6277,0.0000,0.0000,0.0001,0.6259,0.0017,200,3198.3665
0.6502,0.0000,0.0000,0.0001,0.6486,0.0014,200,3198.9942
0.6412,0.0000,0.0000,0.0001,0.6396,0.0015,200,3199.6444
0.6151,0.0000,0.0000,0.0001,0.6132,0.0018,200,3200.2856
0.6106,0.0000,0.0000,0.0001,0.6089,0.0015,200,3200.9007
0.6224,0.0000,0.0000,0.0001,0.6204,0.0018,200,3201.5113
0.6336,0.0000,0.0000,0.0001,0.6326,0.0009,200,3202.1337
0.6377,0.0000,0.0000,0.0001,0.6361,0.0015,200,3202.7673
0.6126,0.0000,0.0000,0.0001,0.6106,0.0019,200,3203.4050
0.6318,0.0000,0.0000,0.0001,0.6300,0.0016,200,3204.0177
0.6310,0.0000,0.0000,0.0001,0.6291,0.0017,200,3204.6495
0.6329,0.0000,0.0000,0.0001,0.6314,0.0015,200,3205.2805
0.6213,0.0000,0.0000,0.0001,0.6202,0.0010,200,3205.9134
0.6394,0.0000,0.0000,0.0001,0.6377,0.0015,200,3206.5347
0.6590,0.0000,0.0000,0.0001,0.6575,0.0015,200,3207.1741
0.6247,0.0000,0.0000,0.0001,0.6227,0.0018,200,3207.8331
0.6073,0.0000,0.0000,0.0001,0.6054,0.0018,200,3208.4578
0.6104,0.0000,0.0000,0.0001,0.6087,0.0016,200,3209.0651
0.6420,0.0000,0.0000,0.0001,0.6399,0.0019,200,3209.6756
0.6194,0.0000,0.0000,0.0001,0.6178,0.0015,200,3210.3176
0.6399,0.0000,0.0000,0.0001,0.6386,0.0012,200,3210.9370
0.6219,0.0000,0.0000,0.0001,0.6201,0.0016,200,3211.5769
0.6519,0.0000,0.0000,0.0001,0.6504,0.0013,200,3212.1988
0.6466,0.0000,0.0000,0.0000,0.6448,0.0017,200,3212.8507
0.6050,0.0000,0.0000,0.0001,0.6034,0.0014,200,3213.4973
0.6193,0.0000,0.0000,0.0001,0.6176,0.0016,200,3214.1023
0.6284,0.0000,0.0000,0.0001,0.6276,0.0007,200,3214.7216
0.6205,0.0000,0.0000,0.0001,0.6178,0.0022,200,3215.3500
0.5980,0.0000,0.0000,0.0001,0.5971,0.0007,200,3215.9705
0.6328,0.0000,0.0000,0.0000,0.6313,0.0014,200,3216.5684
0.6254,0.0000,0.0000,0.0001,0.6242,0.0011,200,3217.2013
0.6325,0.0000,0.0000,0.0001,0.6307,0.0018,200,3217.8267
0.6003,0.0000,0.0000,0.0001,0.5980,0.0021,200,3218.4592
0.6018,0.0000,0.0000,0.0001,0.5999,0.0018,200,3219.0595
0.6389,0.0000,0.0000,0.0001,0.6372,0.0016,200,3219.6614
0.6266,0.0000,0.0000,0.0001,0.6252,0.0013,200,3220.3003
0.6012,0.0000,0.0000,0.0001,0.5999,0.0012,200,3220.9270
0.6313,0.0000,0.0000,0.0001,0.6300,0.0012,200,3221.5282
0.6060,0.0000,0.0000,0.0001,0.6042,0.0017,200,3222.1595
0.6274,0.0000,0.0000,0.0001,0.6257,0.0016,200,3222.7655
0.6148,0.0000,0.0000,0.0001,0.6140,0.0007,200,3223.3929
0.6171,0.0000,0.0000,0.0001,0.6153,0.0017,200,3224.0078
0.6470,0.0000,0.0000,0.0001,0.6450,0.0019,200,3224.6249
0.6416,0.0000,0.0000,0.0001,0.6400,0.0015,200,3225.2720
0.6277,0.0000,0.0000,0.0001,0.6266,0.0009,200,3225.9135
0.6328,0.0000,0.0000,0.0000,0.6308,0.0019,200,3226.5412
0.6175,0.0000,0.0000,0.0001,0.6159,0.0015,200,3227.1740
0.6488,0.0000,0.0000,0.0001,0.6473,0.0015,200,3227.7915
0.6366,0.0000,0.0000,0.0001,0.6347,0.0017,200,3228.4404
0.6413,0.0000,0.0000,0.0001,0.6393,0.0019,200,3229.0769
0.6503,0.0000,0.0000,0.0001,0.6485,0.0017,200,3229.7182
0.6315,0.0000,0.0000,0.0001,0.6290,0.0021,200,3230.3686
0.6193,0.0000,0.0000,0.0004,0.6171,0.0015,200,3231.0001
0.6094,0.0000,0.0000,0.0001,0.6077,0.0016,200,3231.6194
0.6341,0.0000,0.0000,0.0001,0.6322,0.0017,200,3232.2288
0.6239,0.0000,0.0000,0.0001,0.6221,0.0017,200,3232.8629
0.6473,0.0000,0.0000,0.0001,0.6453,0.0020,200,3233.4869
0.6692,0.0000,0.0000,0.0001,0.6674,0.0016,200,3234.1342
0.6481,0.0000,0.0000,0.0001,0.6462,0.0017,200,3234.8034
0.6305,0.0000,0.0000,0.0001,0.6284,0.0020,200,3235.4515
0.6255,0.0000,0.0000,0.0001,0.6235,0.0017,200,3236.0820
0.6159,0.0000,0.0000,0.0001,0.6145,0.0012,200,3236.7075
0.6298,0.0000,0.0000,0.0001,0.6268,0.0029,200,3237.3234
0.6291,0.0000,0.0000,0.0001,0.6272,0.0017,200,3237.9532
0.6173,0.0000,0.0000,0.0001,0.6156,0.0016,200,3238.5823
0.6243,0.0000,0.0000,0.0001,0.6229,0.0012,200,3239.1996
0.6336,0.0000,0.0000,0.0000,0.6321,0.0014,200,3239.8239
0.6244,0.0000,0.0000,0.0001,0.6225,0.0018,200,3240.4575
0.6349,0.0000,0.0000,0.0001,0.6328,0.0019,200,3241.0819
0.6226,0.0000,0.0000,0.0000,0.6207,0.0018,200,3241.7168
0.6285,0.0000,0.0000,0.0001,0.6268,0.0016,200,3242.3393
0.6141,0.0000,0.0000,0.0001,0.6122,0.0018,200,3242.9679
0.6154,0.0000,0.0000,0.0001,0.6141,0.0012,200,3243.5820
0.6429,0.0000,0.0000,0.0001,0.6419,0.0009,200,3244.1974
0.6636,0.0000,0.0000,0.0001,0.6620,0.0015,200,3244.8403
0.6470,0.0000,0.0000,0.0001,0.6451,0.0018,200,3245.5039
0.6199,0.0000,0.0000,0.0001,0.6178,0.0020,200,3246.1509
0.6131,0.0000,0.0000,0.0001,0.6122,0.0007,200,3246.7708
0.6226,0.0000,0.0000,0.0000,0.6212,0.0014,200,3247.3839
0.6365,0.0000,0.0000,0.0001,0.6356,0.0008,200,3248.0065
0.6167,0.0000,0.0000,0.0001,0.6151,0.0014,200,3248.6430
0.6177,0.0000,0.0000,0.0001,0.6158,0.0018,200,3249.2597
0.6304,0.0000,0.0000,0.0001,0.6295,0.0009,200,3249.8774
0.6277,0.0000,0.0000,0.0000,0.6264,0.0013,200,3250.5079
0.6518,0.0000,0.0000,0.0001,0.6505,0.0012,200,3251.1356
0.6288,0.0000,0.0000,0.0001,0.6273,0.0015,200,3251.7874
0.6215,0.0000,0.0000,0.0001,0.6198,0.0016,200,3252.4163
0.6700,0.0000,0.0000,0.0001,0.6682,0.0017,200,3253.0378
0.6204,0.0000,0.0000,0.0001,0.6186,0.0016,200,3253.7078
0.6529,0.0000,0.0000,0.0001,0.6511,0.0017,200,3254.3282
0.6409,0.0000,0.0000,0.0000,0.6390,0.0019,200,3254.9811
0.6525,0.0000,0.0000,0.0001,0.6511,0.0013,200,3255.6220
0.6382,0.0000,0.0000,0.0001,0.6362,0.0019,200,3256.2745
0.6196,0.0000,0.0000,0.0001,0.6179,0.0016,200,3256.9127
0.6160,0.0000,0.0000,0.0000,0.6146,0.0014,200,3257.5323
0.6286,0.0000,0.0000,0.0001,0.6267,0.0018,200,3258.1484
0.6308,0.0000,0.0000,0.0000,0.6291,0.0016,200,3258.7770
0.6222,0.0000,0.0000,0.0001,0.6210,0.0011,200,3259.4079
0.6191,0.0000,0.0000,0.0001,0.6171,0.0018,200,3260.0301
0.6264,0.0000,0.0000,0.0001,0.6247,0.0015,200,3260.6492
0.6316,0.0000,0.0000,0.0001,0.6299,0.0015,200,3261.2756
0.6337,0.0000,0.0000,0.0001,0.6319,0.0017,200,3261.9072
0.6149,0.0000,0.0000,0.0001,0.6137,0.0011,200,3262.5409
0.6304,0.0000,0.0000,0.0000,0.6284,0.0020,200,3263.1558
0.6301,0.0000,0.0000,0.0001,0.6286,0.0014,200,3263.7863
0.6113,0.0000,0.0000,0.0001,0.6096,0.0016,200,3264.4164
0.6266,0.0000,0.0000,0.0001,0.6250,0.0015,200,3265.0277
0.6312,0.0000,0.0000,0.0001,0.6292,0.0018,200,3265.6543
0.5961,0.0000,0.0000,0.0001,0.5945,0.0015,200,3266.2855
0.6222,0.0000,0.0000,0.0001,0.6208,0.0014,200,3266.8816
0.6291,0.0000,0.0000,0.0000,0.6272,0.0019,200,3267.5038
0.6475,0.0000,0.0000,0.0001,0.6458,0.0016,200,3268.1330
0.6253,0.0000,0.0000,0.0001,0.6237,0.0015,200,3268.7804
0.6192,0.0000,0.0000,0.0001,0.6171,0.0020,200,3269.4058
0.6551,0.0000,0.0000,0.0001,0.6538,0.0012,200,3270.0250
0.6479,0.0000,0.0000,0.0001,0.6463,0.0015,200,3270.6802
0.6271,0.0000,0.0000,0.0001,0.6252,0.0017,200,3271.3281
0.6249,0.0000,0.0000,0.0001,0.6231,0.0017,200,3271.9551
0.6243,0.0000,0.0000,0.0001,0.6231,0.0011,200,3272.5801
0.6198,0.0000,0.0000,0.0000,0.6181,0.0016,200,3273.2044
0.6192,0.0000,0.0000,0.0001,0.6173,0.0018,200,3273.8242
0.6536,0.0000,0.0000,0.0001,0.6518,0.0016,200,3274.4435
0.6290,0.0000,0.0000,0.0001,0.6272,0.0017,200,3275.0971
0.6402,0.0000,0.0000,0.0001,0.6391,0.0010,200,3275.7261
0.6320,0.0000,0.0000,0.0001,0.6303,0.0016,200,3276.3663
0.6382,0.0000,0.0000,0.0001,0.6366,0.0015,200,3276.9983
0.6237,0.0000,0.0000,0.0001,0.6220,0.0015,200,3277.6366
0.6071,0.0000,0.0000,0.0001,0.6048,0.0022,200,3278.2603
0.6171,0.0000,0.0000,0.0001,0.6151,0.0017,200,3278.8674
0.6205,0.0000,0.0000,0.0001,0.6187,0.0015,200,3279.4846
0.6350,0.0000,0.0000,0.0001,0.6323,0.0026,200,3280.1050
0.6230,0.0000,0.0000,0.0001,0.6213,0.0016,200,3280.7400
0.6345,0.0000,0.0000,0.0001,0.6326,0.0018,200,3281.3630
0.6298,0.0000,0.0000,0.0001,0.6284,0.0013,200,3281.9976
0.6281,0.0000,0.0000,0.0001,0.6278,0.0002,200,3282.6274
0.6233,0.0000,0.0000,0.0001,0.6216,0.0016,200,3283.2555
0.6125,0.0000,0.0000,0.0002,0.6107,0.0015,200,3283.8788
0.6328,0.0000,0.0000,0.0001,0.6311,0.0016,200,3284.4913
0.6223,0.0000,0.0000,0.0001,0.6212,0.0010,200,3285.1241
0.6427,0.0000,0.0000,0.0000,0.6402,0.0025,200,3285.7464
0.6237,0.0000,0.0000,0.0001,0.6218,0.0017,200,3286.3891
0.6588,0.0000,0.0000,0.0001,0.6572,0.0015,200,3287.0128
0.6151,0.0000,0.0000,0.0001,0.6138,0.0011,200,3287.6715
0.6278,0.0000,0.0000,0.0000,0.6260,0.0018,200,3288.2866
0.6302,0.0000,0.0000,0.0001,0.6283,0.0017,200,3288.9144
0.6175,0.0000,0.0000,0.0001,0.6155,0.0017,200,3289.5446
0.6138,0.0000,0.0000,0.0001,0.6122,0.0015,200,3290.1621
0.6169,0.0000,0.0000,0.0000,0.6156,0.0012,200,3290.7759
0.6154,0.0000,0.0000,0.0001,0.6137,0.0015,200,3291.3928
0.6355,0.0000,0.0000,0.0000,0.6338,0.0016,200,3292.0082
0.6103,0.0000,0.0000,0.0001,0.6085,0.0016,200,3292.6437
0.6133,0.0000,0.0000,0.0001,0.6114,0.0018,200,3293.2539
0.6229,0.0000,0.0000,0.0001,0.6214,0.0014,200,3293.8673
0.6221,0.0000,0.0000,0.0001,0.6201,0.0018,200,3294.4902
0.6304,0.0000,0.0000,0.0001,0.6287,0.0015,200,3295.1123
0.6198,0.0000,0.0000,0.0001,0.6187,0.0010,200,3295.7427
0.6092,0.0000,0.0000,0.0001,0.6075,0.0016,200,3296.3625
0.6210,0.0000,0.0000,0.0001,0.6199,0.0010,200,3296.9717
0.6603,0.0000,0.0000,0.0001,0.6585,0.0017,200,3297.5927
0.6097,0.0000,0.0000,0.0001,0.6084,0.0012,200,3298.2531
0.6387,0.0000,0.0000,0.0000,0.6368,0.0018,200,3298.8628
0.6159,0.0000,0.0000,0.0001,0.6143,0.0015,200,3299.5015
0.6186,0.0000,0.0000,0.0001,0.6168,0.0016,200,3300.1174
0.6213,0.0000,0.0000,0.0001,0.6195,0.0017,200,3300.7360
0.6527,0.0000,0.0000,0.0001,0.6509,0.0018,200,3301.3573
0.6366,0.0000,0.0000,0.0001,0.6348,0.0017,200,3302.0100
0.6553,0.0000,0.0000,0.0001,0.6533,0.0018,200,3302.6466
0.6336,0.0000,0.0000,0.0001,0.6317,0.0017,200,3303.3019
0.6373,0.0000,0.0000,0.0001,0.6360,0.0012,200,3303.9355
0.6182,0.0000,0.0000,0.0000,0.6165,0.0016,200,3304.5728
0.6613,0.0000,0.0000,0.0001,0.6596,0.0016,200,3305.1910
0.6098,0.0000,0.0000,0.0001,0.6090,0.0006,200,3305.8523
0.6627,0.0000,0.0000,0.0001,0.6610,0.0014,200,3306.4621
0.6405,0.0000,0.0000,0.0001,0.6389,0.0015,200,3307.1248
0.6181,0.0000,0.0000,0.0001,0.6160,0.0020,200,3307.7653
1.0525,0.0000,0.0000,0.0001,1.0512,0.0012,200,3308.3834
0.6427,0.0000,0.0000,0.0001,0.6415,0.0012,200,3309.4359
0.6176,0.0000,0.0000,0.0001,0.6163,0.0012,200,3310.0786
0.6263,0.0000,0.0000,0.0001,0.6246,0.0016,200,3310.6962
0.6280,0.0000,0.0000,0.0001,0.6262,0.0016,200,3311.3225
0.6482,0.0000,0.0000,0.0001,0.6459,0.0021,200,3311.9505
0.6040,0.0000,0.0000,0.0001,0.6029,0.0009,200,3312.5987
0.6242,0.0000,0.0000,0.0001,0.6227,0.0014,200,3313.2027
0.6135,0.0000,0.0000,0.0000,0.6118,0.0015,200,3313.8269
0.6216,0.0000,0.0000,0.0001,0.6199,0.0017,200,3314.4404
0.6259,0.0000,0.0000,0.0001,0.6243,0.0013,200,3315.0620
0.6368,0.0000,0.0000,0.0005,0.6350,0.0013,200,3315.6879
0.6136,0.0000,0.0000,0.0001,0.6126,0.0008,200,3316.3247
0.6354,0.0000,0.0000,0.0001,0.6336,0.0017,200,3316.9383
0.6094,0.0000,0.0000,0.0001,0.6076,0.0017,200,3317.5737
0.6167,0.0000,0.0000,0.0001,0.6149,0.0016,200,3318.1831
0.6302,0.0000,0.0000,0.0001,0.6287,0.0013,200,3318.7997
0.6402,0.0000,0.0000,0.0001,0.6385,0.0016,200,3319.4299
0.6361,0.0000,0.0000,0.0001,0.6340,0.0019,200,3320.0701
0.6174,0.0000,0.0000,0.0001,0.6157,0.0016,200,3320.7061
0.6273,0.0000,0.0000,0.0001,0.6259,0.0013,200,3321.3235
0.6609,0.0000,0.0000,0.0001,0.6604,0.0004,200,3321.9508
0.6081,0.0000,0.0000,0.0001,0.6063,0.0017,200,3322.6117
0.6378,0.0000,0.0000,0.0001,0.6360,0.0017,200,3323.2198
0.6168,0.0000,0.0000,0.0000,0.6151,0.0017,200,3323.8576
0.6222,0.0000,0.0000,0.0001,0.6202,0.0018,200,3324.4745
0.6231,0.0000,0.0000,0.0001,0.6201,0.0028,200,3325.0967
0.6361,0.0000,0.0000,0.0001,0.6338,0.0023,200,3325.7198
0.6260,0.0000,0.0000,0.0001,0.6240,0.0018,200,3326.3559
0.6214,0.0000,0.0000,0.0001,0.6198,0.0015,200,3326.9819
0.6197,0.0000,0.0000,0.0001,0.6180,0.0015,200,3327.6033
0.6214,0.0000,0.0000,0.0001,0.6196,0.0018,200,3328.2230
0.6201,0.0000,0.0000,0.0001,0.6183,0.0017,200,3328.8444
0.6332,0.0000,0.0000,0.0001,0.6310,0.0019,200,3329.4645
0.6023,0.0000,0.0000,0.0001,0.6008,0.0013,200,3330.0977
0.6386,0.0000,0.0000,0.0001,0.6376,0.0009,200,3330.7000
0.6242,0.0000,0.0000,0.0001,0.6228,0.0013,200,3331.3387
0.6555,0.0000,0.0000,0.0001,0.6535,0.0019,200,3331.9629
0.6115,0.0000,0.0000,0.0001,0.6100,0.0015,200,3332.6184
0.6485,0.0000,0.0000,0.0001,0.6468,0.0016,200,3333.2299
0.7040,0.0000,0.0000,0.0001,0.7017,0.0021,200,3333.8785
0.6159,0.0000,0.0000,0.0001,0.6149,0.0009,200,3334.5825
0.6207,0.0000,0.0000,0.0001,0.6176,0.0030,200,3335.1984
0.8325,0.0000,0.0000,0.0001,0.8311,0.0013,200,3335.8191
0.6492,0.0000,0.0000,0.0000,0.6477,0.0013,200,3336.6517
0.6141,0.0000,0.0000,0.0001,0.6121,0.0019,200,3337.3008
0.6127,0.0000,0.0000,0.0001,0.6111,0.0015,200,3337.9149
0.6221,0.0000,0.0000,0.0001,0.6201,0.0018,200,3338.5276
0.6275,0.0000,0.0000,0.0001,0.6257,0.0017,200,3339.1497
0.6216,0.0000,0.0000,0.0001,0.6177,0.0038,200,3339.7772
0.6238,0.0000,0.0000,0.0002,0.6222,0.0014,200,3340.3988
0.6603,0.0000,0.0000,0.0000,0.6586,0.0016,200,3341.0226
0.6510,0.0000,0.0000,0.0001,0.6494,0.0015,200,3341.6830
0.6738,0.0000,0.0000,0.0001,0.6716,0.0021,200,3342.3340
0.5975,0.0000,0.0000,0.0001,0.5957,0.0017,200,3343.0078
0.6240,0.0000,0.0000,0.0001,0.6224,0.0015,200,3343.6053
0.6404,0.0000,0.0000,0.0001,0.6385,0.0017,200,3344.2293
0.6187,0.0000,0.0000,0.0001,0.6170,0.0016,200,3344.8697
0.6330,0.0000,0.0000,0.0001,0.6306,0.0022,200,3345.4883
0.6400,0.0000,0.0000,0.0001,0.6382,0.0017,200,3346.1213
0.6306,0.0000,0.0000,0.0001,0.6290,0.0015,200,3346.7613
0.6235,0.0000,0.0000,0.0001,0.6218,0.0016,200,3347.3919
0.6045,0.0000,0.0000,0.0001,0.6027,0.0016,200,3348.0155
0.6193,0.0000,0.0000,0.0001,0.6174,0.0017,200,3348.6200
0.6311,0.0000,0.0000,0.0001,0.6301,0.0008,200,3349.2393
0.6316,0.0000,0.0000,0.0000,0.6307,0.0009,200,3349.8704
0.6255,0.0000,0.0000,0.0000,0.6239,0.0015,200,3350.5020
0.6342,0.0000,0.0000,0.0001,0.6293,0.0047,200,3351.1275
0.6304,0.0000,0.0000,0.0001,0.6287,0.0015,200,3351.7617
0.6097,0.0000,0.0000,0.0000,0.6087,0.0009,200,3352.3921
0.6358,0.0000,0.0000,0.0000,0.6353,0.0005,200,3353.0018
0.6223,0.0000,0.0000,0.0002,0.6206,0.0016,200,3353.6377
0.6183,0.0000,0.0000,0.0001,0.6170,0.0012,200,3354.2600
0.6214,0.0000,0.0000,0.0001,0.6200,0.0013,200,3354.8783
0.6671,0.0000,0.0000,0.0001,0.6654,0.0015,200,3355.4997
0.6437,0.0000,0.0000,0.0001,0.6424,0.0012,200,3356.1668
0.6315,0.0000,0.0000,0.0001,0.6303,0.0011,200,3356.8105
0.6366,0.0000,0.0000,0.0001,0.6347,0.0018,200,3357.4421
0.6240,0.0000,0.0000,0.0001,0.6224,0.0014,200,3358.0787
0.6255,0.0000,0.0000,0.0001,0.6239,0.0015,200,3358.7027
0.6261,0.0000,0.0000,0.0001,0.6242,0.0018,200,3359.3281
0.6358,0.0000,0.0000,0.0001,0.6337,0.0020,200,3359.9542
0.6436,0.0000,0.0000,0.0001,0.6416,0.0019,200,3360.5900
0.6091,0.0000,0.0000,0.0001,0.6078,0.0012,200,3361.2336
0.6225,0.0000,0.0000,0.0001,0.6222,0.0002,200,3361.8427
0.6242,0.0000,0.0000,0.0001,0.6231,0.0009,200,3362.4652
0.6533,0.0000,0.0000,0.0000,0.6510,0.0022,200,3363.0894
0.6226,0.0000,0.0000,0.0001,0.6208,0.0017,200,3363.7426
0.6268,0.0000,0.0000,0.0001,0.6253,0.0015,200,3364.3653
0.6415,0.0000,0.0000,0.0001,0.6397,0.0016,200,3364.9921
0.6368,0.0000,0.0000,0.0001,0.6349,0.0018,200,3365.6336
0.6121,0.0000,0.0000,0.0001,0.6111,0.0009,200,3366.2703
0.6130,0.0000,0.0000,0.0000,0.6112,0.0016,200,3366.8824
0.6240,0.0000,0.0000,0.0001,0.6222,0.0016,200,3367.4954
0.6205,0.0000,0.0000,0.0001,0.6188,0.0016,200,3368.1194
0.6329,0.0000,0.0000,0.0001,0.6314,0.0013,200,3368.7400
1.0447,0.0000,0.0000,0.0001,1.0428,0.0015,200,3369.3729
0.6221,0.0000,0.0000,0.0001,0.6204,0.0016,200,3370.4175
0.6055,0.0000,0.0000,0.0001,0.6033,0.0020,200,3371.0396
0.6116,0.0000,0.0000,0.0002,0.6096,0.0017,200,3371.6452
0.6186,0.0000,0.0000,0.0001,0.6172,0.0013,200,3372.2568
0.6566,0.0000,0.0000,0.0001,0.6536,0.0028,200,3372.8754
0.5974,0.0000,0.0000,0.0001,0.5956,0.0017,200,3373.5320
0.6164,0.0000,0.0000,0.0001,0.6146,0.0017,200,3374.1295
0.6146,0.0000,0.0000,0.0001,0.6125,0.0020,200,3374.7459
0.6216,0.0000,0.0000,0.0001,0.6205,0.0008,200,3375.3605
0.6595,0.0000,0.0000,0.0000,0.6578,0.0016,200,3375.9821
0.6524,0.0000,0.0000,0.0001,0.6504,0.0018,200,3376.6416
0.6214,0.0000,0.0000,0.0001,0.6200,0.0012,200,3377.2941
0.6221,0.0000,0.0000,0.0001,0.6204,0.0015,200,3377.9155
0.5979,0.0000,0.0000,0.0001,0.5963,0.0015,200,3378.5375
0.6287,0.0000,0.0000,0.0001,0.6269,0.0017,200,3379.1355
0.6089,0.0000,0.0000,0.0001,0.6066,0.0022,200,3379.7642
0.6197,0.0000,0.0000,0.0001,0.6182,0.0013,200,3380.3731
0.6291,0.0000,0.0000,0.0001,0.6269,0.0021,200,3380.9928
0.6230,0.0000,0.0000,0.0001,0.6199,0.0031,200,3381.6220
0.6330,0.0000,0.0000,0.0001,0.6321,0.0005,200,3382.2450
0.6337,0.0000,0.0000,0.0001,0.6322,0.0014,200,3382.8780
0.6827,0.0000,0.0000,0.0001,0.6816,0.0009,200,3383.5117
0.6160,0.0000,0.0000,0.0001,0.6142,0.0017,200,3384.1944
0.6367,0.0000,0.0000,0.0001,0.6349,0.0017,200,3384.8105
0.6255,0.0000,0.0000,0.0001,0.6247,0.0007,200,3385.4471
0.6381,0.0000,0.0000,0.0001,0.6364,0.0014,200,3386.0727
0.6330,0.0000,0.0000,0.0001,0.6311,0.0019,200,3386.7107
0.6173,0.0000,0.0000,0.0001,0.6155,0.0016,200,3387.3438
0.6358,0.0000,0.0000,0.0001,0.6337,0.0019,200,3387.9611
1.0333,0.0000,0.0000,0.0001,1.0315,0.0017,200,3388.5970
0.6456,0.0000,0.0000,0.0001,0.6443,0.0012,200,3389.6302
0.6245,0.0000,0.0000,0.0001,0.6224,0.0020,200,3390.2758
0.6073,0.0000,0.0000,0.0001,0.6053,0.0019,200,3390.9003
0.6387,0.0000,0.0000,0.0001,0.6367,0.0019,200,3391.5076
0.6496,0.0000,0.0000,0.0001,0.6484,0.0010,200,3392.1464
0.6190,0.0000,0.0000,0.0000,0.6176,0.0014,200,3392.7959
0.6269,0.0000,0.0000,0.0002,0.6255,0.0011,200,3393.4149
0.6580,0.0000,0.0000,0.0000,0.6563,0.0017,200,3394.0418
0.6403,0.0000,0.0000,0.0001,0.6380,0.0021,200,3394.6998
0.6608,0.0000,0.0000,0.0001,0.6587,0.0020,200,3395.3401
0.6092,0.0000,0.0000,0.0001,0.6070,0.0021,200,3396.0009
0.6443,0.0000,0.0000,0.0001,0.6423,0.0019,200,3396.6101
0.6858,0.0000,0.0000,0.0001,0.6822,0.0034,200,3397.2544
0.6358,0.0000,0.0000,0.0001,0.6334,0.0023,200,3397.9403
0.6144,0.0000,0.0000,0.0001,0.6136,0.0007,200,3398.5761
0.6275,0.0000,0.0000,0.0001,0.6255,0.0018,200,3399.1905
0.6425,0.0000,0.0000,0.0001,0.6408,0.0017,200,3399.8180
0.6171,0.0000,0.0000,0.0001,0.6159,0.0009,200,3400.4605
0.6125,0.0000,0.0000,0.0000,0.6111,0.0014,200,3401.0777
0.6215,0.0000,0.0000,0.0000,0.6195,0.0019,200,3401.6902
0.6139,0.0000,0.0000,0.0001,0.6122,0.0015,200,3402.3117
0.6260,0.0000,0.0000,0.0001,0.6242,0.0016,200,3402.9256
0.6260,0.0000,0.0000,0.0001,0.6241,0.0018,200,3403.5516
0.6297,0.0000,0.0000,0.0001,0.6282,0.0014,200,3404.1776
0.6511,0.0000,0.0000,0.0001,0.6487,0.0022,200,3404.8073
0.6177,0.0000,0.0000,0.0001,0.6159,0.0017,200,3405.4584
0.6232,0.0000,0.0000,0.0000,0.6217,0.0014,200,3406.0761
0.6163,0.0000,0.0000,0.0002,0.6142,0.0016,200,3406.6993
0.6239,0.0000,0.0000,0.0001,0.6222,0.0016,200,3407.3156
0.6283,0.0000,0.0000,0.0001,0.6264,0.0017,200,3407.9395
0.6294,0.0000,0.0000,0.0001,0.6276,0.0016,200,3408.5678
0.6321,0.0000,0.0000,0.0002,0.6301,0.0016,200,3409.1972
0.6531,0.0000,0.0000,0.0001,0.6523,0.0006,200,3409.8293
0.6092,0.0000,0.0000,0.0000,0.6076,0.0016,200,3410.4823
0.6168,0.0000,0.0000,0.0001,0.6152,0.0014,200,3411.0915
0.6126,0.0000,0.0000,0.0001,0.6107,0.0018,200,3411.7084
0.6690,0.0000,0.0000,0.0001,0.6675,0.0013,200,3412.3210
0.6097,0.0000,0.0000,0.0000,0.6087,0.0010,200,3412.9900
0.6331,0.0000,0.0000,0.0000,0.6314,0.0016,200,3413.5997
0.6387,0.0000,0.0000,0.0001,0.6367,0.0018,200,3414.2328
0.6515,0.0000,0.0000,0.0001,0.6496,0.0018,200,3414.8715
0.6162,0.0000,0.0000,0.0001,0.6149,0.0012,200,3415.5230
0.6225,0.0000,0.0000,0.0001,0.6208,0.0016,200,3416.1391
0.6224,0.0000,0.0000,0.0000,0.6209,0.0014,200,3416.7617
0.6725,0.0000,0.0000,0.0001,0.6708,0.0015,200,3417.3841
0.6266,0.0000,0.0000,0.0001,0.6253,0.0012,200,3418.0566
0.6269,0.0000,0.0000,0.0000,0.6248,0.0020,200,3418.6832
0.6367,0.0000,0.0000,0.0001,0.6349,0.0018,200,3419.3101
0.6393,0.0000,0.0000,0.0001,0.6389,0.0003,200,3419.9469
0.6137,0.0000,0.0000,0.0001,0.6121,0.0015,200,3420.5862
0.6258,0.0000,0.0000,0.0001,0.6238,0.0018,200,3421.2000
0.6105,0.0000,0.0000,0.0000,0.6088,0.0016,200,3421.8257
0.6179,0.0000,0.0000,0.0001,0.6159,0.0019,200,3422.4362
0.6166,0.0000,0.0000,0.0001,0.6155,0.0010,200,3423.0541
0.6274,0.0000,0.0000,0.0000,0.6255,0.0019,200,3423.6708
0.6521,0.0000,0.0000,0.0001,0.6509,0.0010,200,3424.2982
0.6218,0.0000,0.0000,0.0001,0.6204,0.0013,200,3424.9502
0.6190,0.0000,0.0000,0.0001,0.6181,0.0008,200,3425.5720
0.6332,0.0000,0.0000,0.0000,0.6314,0.0018,200,3426.1911
0.6194,0.0000,0.0000,0.0002,0.6170,0.0021,200,3426.8244
0.6328,0.0000,0.0000,0.0001,0.6311,0.0016,200,3427.4438
0.6444,0.0000,0.0000,0.0001,0.6428,0.0015,200,3428.0766
0.6091,0.0000,0.0000,0.0000,0.6076,0.0013,200,3428.7211
0.6312,0.0000,0.0000,0.0001,0.6294,0.0017,200,3429.3301
0.6257,0.0000,0.0000,0.0001,0.6242,0.0013,200,3429.9613
0.6231,0.0000,0.0000,0.0001,0.6219,0.0010,200,3430.5870
0.6296,0.0000,0.0000,0.0001,0.6288,0.0007,200,3431.2102
0.6311,0.0000,0.0000,0.0000,0.6295,0.0015,200,3431.8398
0.6459,0.0000,0.0000,0.0001,0.6441,0.0017,200,3432.4709
0.6636,0.0000,0.0000,0.0001,0.6628,0.0008,200,3433.1168
0.6257,0.0000,0.0000,0.0000,0.6238,0.0018,200,3433.7804
0.6647,0.0000,0.0000,0.0001,0.6629,0.0016,200,3434.4061
0.6054,0.0000,0.0000,0.0001,0.6037,0.0016,200,3435.0708
0.6684,0.0000,0.0000,0.0001,0.6667,0.0015,200,3435.6762
0.6356,0.0000,0.0000,0.0002,0.6340,0.0012,200,3436.3445
0.6326,0.0000,0.0000,0.0001,0.6312,0.0012,200,3436.9802
0.6304,0.0000,0.0000,0.0002,0.6283,0.0018,200,3437.6127
0.6417,0.0000,0.0000,0.0001,0.6402,0.0014,200,3438.2431
0.6366,0.0000,0.0000,0.0001,0.6349,0.0016,200,3438.8849
0.6170,0.0000,0.0000,0.0001,0.6151,0.0018,200,3439.5215
0.6173,0.0000,0.0000,0.0001,0.6156,0.0016,200,3440.1385
0.6262,0.0000,0.0000,0.0001,0.6243,0.0017,200,3440.7559
0.6172,0.0000,0.0000,0.0001,0.6144,0.0027,200,3441.3820
0.6508,0.0000,0.0000,0.0001,0.6490,0.0017,200,3441.9992
0.6238,0.0000,0.0000,0.0001,0.6221,0.0016,200,3442.6500
0.6087,0.0000,0.0000,0.0001,0.6072,0.0013,200,3443.2737
0.6663,0.0000,0.0000,0.0000,0.6640,0.0022,200,3443.8824
0.6334,0.0000,0.0000,0.0001,0.6317,0.0016,200,3444.5487
0.6211,0.0000,0.0000,0.0001,0.6192,0.0017,200,3445.1821
0.6358,0.0000,0.0000,0.0001,0.6354,0.0003,200,3445.8032
0.6003,0.0000,0.0000,0.0001,0.5988,0.0014,200,3446.4390
0.6301,0.0000,0.0000,0.0001,0.6283,0.0017,200,3447.0393
0.6445,0.0000,0.0000,0.0001,0.6423,0.0020,200,3447.6695
0.6262,0.0000,0.0000,0.0001,0.6248,0.0013,200,3448.3139
0.6243,0.0000,0.0000,0.0001,0.6226,0.0015,200,3448.9401
0.6514,0.0000,0.0000,0.0001,0.6498,0.0014,200,3449.5644
0.6131,0.0000,0.0000,0.0001,0.6114,0.0016,200,3450.2157
0.6327,0.0000,0.0000,0.0001,0.6307,0.0019,200,3450.8289
0.6295,0.0000,0.0000,0.0001,0.6284,0.0009,200,3451.4616
0.6486,0.0000,0.0000,0.0000,0.6470,0.0016,200,3452.0911
0.6352,0.0000,0.0000,0.0001,0.6334,0.0016,200,3452.7397
0.6430,0.0000,0.0000,0.0001,0.6420,0.0009,200,3453.3748
0.6329,0.0000,0.0000,0.0000,0.6312,0.0017,200,3454.0178
0.6227,0.0000,0.0000,0.0001,0.6208,0.0018,200,3454.6507
0.6613,0.0000,0.0000,0.0001,0.6587,0.0025,200,3455.2734
0.6217,0.0000,0.0000,0.0001,0.6200,0.0016,200,3455.9347
0.6828,0.0000,0.0000,0.0001,0.6812,0.0015,200,3456.5564
0.6241,0.0000,0.0000,0.0001,0.6220,0.0020,200,3457.2392
0.6191,0.0000,0.0000,0.0001,0.6174,0.0015,200,3457.8633
0.6609,0.0000,0.0000,0.0001,0.6594,0.0014,200,3458.4824
0.6565,0.0000,0.0000,0.0001,0.6549,0.0014,200,3459.1433
0.6501,0.0000,0.0000,0.0001,0.6491,0.0009,200,3459.7998
0.6195,0.0000,0.0000,0.0001,0.6178,0.0017,200,3460.4499
0.6307,0.0000,0.0000,0.0001,0.6293,0.0013,200,3461.0694
0.6082,0.0000,0.0000,0.0001,0.6067,0.0014,200,3461.7001
0.6355,0.0000,0.0000,0.0001,0.6340,0.0013,200,3462.3083
0.6554,0.0000,0.0000,0.0001,0.6537,0.0016,200,3462.9438
0.6250,0.0000,0.0000,0.0001,0.6231,0.0017,200,3463.5992
0.6199,0.0000,0.0000,0.0001,0.6184,0.0014,200,3464.2242
0.6511,0.0000,0.0000,0.0001,0.6492,0.0018,200,3464.8441
0.6465,0.0000,0.0000,0.0001,0.6448,0.0014,200,3465.4952
0.6164,0.0000,0.0000,0.0001,0.6151,0.0012,200,3466.1417
0.6463,0.0000,0.0000,0.0001,0.6444,0.0017,200,3466.7581
0.6786,0.0000,0.0000,0.0002,0.6769,0.0015,200,3467.4044
0.6349,0.0000,0.0000,0.0001,0.6337,0.0011,200,3468.0830
0.6418,0.0000,0.0000,0.0001,0.6400,0.0017,200,3468.7179
0.6555,0.0000,0.0000,0.0001,0.6536,0.0018,200,3469.3597
0.6293,0.0000,0.0000,0.0001,0.6275,0.0017,200,3470.0152
0.6143,0.0000,0.0000,0.0001,0.6134,0.0008,200,3470.6445
0.6167,0.0000,0.0000,0.0001,0.6150,0.0016,200,3471.2588
0.6162,0.0000,0.0000,0.0001,0.6145,0.0016,200,3471.8755
0.6101,0.0000,0.0000,0.0001,0.6082,0.0018,200,3472.4917
0.6218,0.0000,0.0000,0.0001,0.6202,0.0015,200,3473.1018
0.6406,0.0000,0.0000,0.0001,0.6389,0.0016,200,3473.7237
0.6271,0.0000,0.0000,0.0001,0.6256,0.0014,200,3474.3642
0.6508,0.0000,0.0000,0.0001,0.6482,0.0025,200,3474.9913
0.6483,0.0000,0.0000,0.0001,0.6470,0.0012,200,3475.6421
0.6105,0.0000,0.0000,0.0000,0.6087,0.0016,200,3476.2904
0.6599,0.0000,0.0000,0.0001,0.6583,0.0015,200,3476.9008
0.6473,0.0000,0.0000,0.0001,0.6451,0.0021,200,3477.5607
0.6267,0.0000,0.0000,0.0001,0.6241,0.0023,200,3478.2080
0.6795,0.0000,0.0000,0.0001,0.6783,0.0011,200,3478.8347
0.6321,0.0000,0.0000,0.0001,0.6307,0.0013,200,3479.5143
0.6081,0.0000,0.0000,0.0001,0.6056,0.0023,200,3480.1464
0.6160,0.0000,0.0000,0.0001,0.6143,0.0015,200,3480.7544
0.6218,0.0000,0.0000,0.0001,0.6199,0.0017,200,3481.3704
0.6382,0.0000,0.0000,0.0001,0.6366,0.0015,200,3481.9922
0.6026,0.0000,0.0000,0.0001,0.6011,0.0013,200,3482.6304
0.6365,0.0000,0.0000,0.0001,0.6345,0.0019,200,3483.2330
0.6200,0.0000,0.0000,0.0001,0.6184,0.0015,200,3483.8695
0.6396,0.0000,0.0000,0.0001,0.6377,0.0018,200,3484.4895
0.6637,0.0000,0.0000,0.0001,0.6621,0.0014,200,3485.1292
0.6368,0.0000,0.0000,0.0001,0.6352,0.0015,200,3485.7928
0.6143,0.0000,0.0000,0.0001,0.6129,0.0013,200,3486.4296
0.6197,0.0000,0.0000,0.0001,0.6176,0.0020,200,3487.0440
0.6800,0.0000,0.0000,0.0001,0.6786,0.0013,200,3487.6637
0.6399,0.0000,0.0000,0.0001,0.6382,0.0016,200,3488.3436
0.6566,0.0000,0.0000,0.0001,0.6552,0.0013,200,3488.9835
0.6727,0.0000,0.0000,0.0001,0.6708,0.0018,200,3489.6402
0.6168,0.0000,0.0000,0.0001,0.6151,0.0015,200,3490.3129
0.6191,0.0000,0.0000,0.0001,0.6172,0.0017,200,3490.9297
0.6561,0.0000,0.0000,0.0001,0.6543,0.0017,200,3491.5488
0.6430,0.0000,0.0000,0.0001,0.6416,0.0013,200,3492.2049
0.6401,0.0000,0.0000,0.0001,0.6383,0.0017,200,3492.8479
0.6356,0.0000,0.0000,0.0001,0.6338,0.0016,200,3493.4880
0.6319,0.0000,0.0000,0.0001,0.6300,0.0017,200,3494.1236
0.6344,0.0000,0.0000,0.0001,0.6326,0.0017,200,3494.7555
0.6163,0.0000,0.0000,0.0001,0.6144,0.0018,200,3495.3899
0.6217,0.0000,0.0000,0.0001,0.6194,0.0022,200,3496.0063
0.6362,0.0000,0.0000,0.0001,0.6343,0.0018,200,3496.6280
0.6138,0.0000,0.0000,0.0001,0.6122,0.0014,200,3497.2642
0.6347,0.0000,0.0000,0.0000,0.6324,0.0021,200,3497.8780
0.6350,0.0000,0.0000,0.0001,0.6335,0.0013,200,3498.5126
0.6313,0.0000,0.0000,0.0001,0.6297,0.0015,200,3499.1477
0.6339,0.0000,0.0000,0.0001,0.6321,0.0017,200,3499.7790
0.6613,0.0000,0.0000,0.0001,0.6589,0.0023,200,3500.4129
0.6478,0.0000,0.0000,0.0001,0.6463,0.0014,200,3501.0742
0.6334,0.0000,0.0000,0.0000,0.6316,0.0017,200,3501.7220
0.6266,0.0000,0.0000,0.0001,0.6258,0.0006,200,3502.3554
0.6136,0.0000,0.0000,0.0001,0.6121,0.0014,200,3502.9820
0.6083,0.0000,0.0000,0.0000,0.6068,0.0015,200,3503.5956
0.6328,0.0000,0.0000,0.0001,0.6310,0.0016,200,3504.2039
0.6468,0.0000,0.0000,0.0001,0.6451,0.0015,200,3504.8368
0.6215,0.0000,0.0000,0.0001,0.6197,0.0017,200,3505.4835
0.6131,0.0000,0.0000,0.0001,0.6114,0.0015,200,3506.1050
0.6488,0.0000,0.0000,0.0001,0.6474,0.0013,200,3506.7181
0.6369,0.0000,0.0000,0.0001,0.6353,0.0014,200,3507.3668
0.5896,0.0000,0.0000,0.0001,0.5878,0.0017,200,3508.0037
0.6466,0.0000,0.0000,0.0002,0.6443,0.0021,200,3508.5933
0.6771,0.0000,0.0000,0.0001,0.6765,0.0004,200,3509.2398
0.6154,0.0000,0.0000,0.0001,0.6137,0.0016,200,3509.9169
0.6953,0.0000,0.0000,0.0001,0.6937,0.0014,200,3510.5323
0.6307,0.0000,0.0000,0.0001,0.6284,0.0022,200,3511.2276
0.6132,0.0000,0.0000,0.0001,0.6117,0.0015,200,3511.8583
0.6726,0.0000,0.0000,0.0001,0.6714,0.0010,200,3512.4715
0.6119,0.0000,0.0000,0.0001,0.6106,0.0011,200,3513.1441
0.6243,0.0000,0.0000,0.0000,0.6227,0.0016,200,3513.7560
0.6180,0.0000,0.0000,0.0001,0.6161,0.0018,200,3514.3803
0.6917,0.0000,0.0000,0.0001,0.6899,0.0017,200,3514.9983
0.6322,0.0000,0.0000,0.0001,0.6304,0.0017,200,3515.6899
0.6280,0.0000,0.0000,0.0001,0.6266,0.0013,200,3516.3222
0.6144,0.0000,0.0000,0.0001,0.6128,0.0015,200,3516.9502
0.6252,0.0000,0.0000,0.0000,0.6233,0.0018,200,3517.5646
0.8315,0.0000,0.0000,0.0001,0.8295,0.0019,200,3518.1898
0.6195,0.0000,0.0000,0.0001,0.6177,0.0016,200,3519.0213
0.6609,0.0000,0.0000,0.0001,0.6591,0.0017,200,3519.6407
0.6423,0.0000,0.0000,0.0001,0.6414,0.0008,200,3520.3017
0.6188,0.0000,0.0000,0.0001,0.6173,0.0014,200,3520.9440
0.6239,0.0000,0.0000,0.0001,0.6225,0.0013,200,3521.5628
0.6215,0.0000,0.0000,0.0000,0.6208,0.0006,200,3522.1868
0.6241,0.0000,0.0000,0.0001,0.6224,0.0016,200,3522.8083
0.6361,0.0000,0.0000,0.0003,0.6350,0.0008,200,3523.4324
0.6208,0.0000,0.0000,0.0000,0.6201,0.0007,200,3524.0685
0.6260,0.0000,0.0000,0.0000,0.6242,0.0018,200,3524.6893
0.6463,0.0000,0.0000,0.0001,0.6447,0.0015,200,3525.3153
0.6247,0.0000,0.0000,0.0001,0.6229,0.0017,200,3525.9617
0.6439,0.0000,0.0000,0.0001,0.6423,0.0015,200,3526.5863
0.6122,0.0000,0.0000,0.0001,0.6098,0.0023,200,3527.2302
0.6214,0.0000,0.0000,0.0001,0.6196,0.0017,200,3527.8424
0.6263,0.0000,0.0000,0.0001,0.6248,0.0014,200,3528.4638
0.6325,0.0000,0.0000,0.0001,0.6305,0.0018,200,3529.0901
0.6097,0.0000,0.0000,0.0001,0.6077,0.0019,200,3529.7226
0.6474,0.0000,0.0000,0.0001,0.6459,0.0014,200,3530.3323
0.6389,0.0000,0.0000,0.0001,0.6372,0.0016,200,3530.9797
0.6224,0.0000,0.0000,0.0001,0.6212,0.0011,200,3531.6186
0.6559,0.0000,0.0000,0.0001,0.6540,0.0017,200,3532.2410
0.6174,0.0000,0.0000,0.0001,0.6160,0.0014,200,3532.8969
0.6323,0.0000,0.0000,0.0001,0.6300,0.0022,200,3533.5143
0.6369,0.0000,0.0000,0.0001,0.6354,0.0014,200,3534.1466
0.6252,0.0000,0.0000,0.0001,0.6234,0.0016,200,3534.7835
0.6592,0.0000,0.0000,0.0001,0.6572,0.0019,200,3535.4087
0.6359,0.0000,0.0000,0.0001,0.6343,0.0016,200,3536.0679
0.6355,0.0000,0.0000,0.0001,0.6336,0.0018,200,3536.7039
0.6392,0.0000,0.0000,0.0001,0.6374,0.0016,200,3537.3394
0.6355,0.0000,0.0000,0.0001,0.6337,0.0017,200,3537.9786
0.6205,0.0000,0.0000,0.0001,0.6191,0.0013,200,3538.6141
0.6265,0.0000,0.0000,0.0001,0.6244,0.0020,200,3539.2346
0.6358,0.0000,0.0000,0.0001,0.6342,0.0014,200,3539.8611
0.6446,0.0000,0.0000,0.0000,0.6427,0.0018,200,3540.4969
0.6255,0.0000,0.0000,0.0001,0.6243,0.0012,200,3541.1415
0.6334,0.0000,0.0000,0.0001,0.6318,0.0015,200,3541.7671
0.6330,0.0000,0.0000,0.0001,0.6311,0.0019,200,3542.4004
0.6243,0.0000,0.0000,0.0001,0.6225,0.0017,200,3543.0335
0.6124,0.0000,0.0000,0.0001,0.6116,0.0007,200,3543.6578
0.6002,0.0000,0.0000,0.0001,0.5990,0.0011,200,3544.2702
0.6180,0.0000,0.0000,0.0000,0.6163,0.0017,200,3544.8705
0.6353,0.0000,0.0000,0.0001,0.6336,0.0015,200,3545.4885
0.5984,0.0000,0.0000,0.0001,0.5962,0.0021,200,3546.1238
0.6181,0.0000,0.0000,0.0001,0.6164,0.0016,200,3546.7221
0.6424,0.0000,0.0000,0.0001,0.6408,0.0015,200,3547.3402
0.6291,0.0000,0.0000,0.0001,0.6276,0.0014,200,3547.9827
0.6183,0.0000,0.0000,0.0001,0.6166,0.0016,200,3548.6117
0.6101,0.0000,0.0000,0.0001,0.6086,0.0014,200,3549.2301
0.6266,0.0000,0.0000,0.0001,0.6250,0.0015,200,3549.8402
0.6149,0.0000,0.0000,0.0000,0.6132,0.0016,200,3550.4668
0.6512,0.0000,0.0000,0.0001,0.6492,0.0019,200,3551.0817
0.6465,0.0000,0.0000,0.0002,0.6447,0.0016,200,3551.7329
0.8192,0.0000,0.0000,0.0002,0.8175,0.0015,200,3552.3794
0.6048,0.0000,0.0000,0.0001,0.6035,0.0012,200,3553.1986
0.6684,0.0000,0.0000,0.0001,0.6664,0.0019,200,3553.8035
0.6016,0.0000,0.0000,0.0001,0.6000,0.0015,200,3554.4719
0.6273,0.0000,0.0000,0.0001,0.6258,0.0014,200,3555.0735
0.6352,0.0000,0.0000,0.0001,0.6339,0.0012,200,3555.7008
0.6242,0.0000,0.0000,0.0001,0.6223,0.0019,200,3556.3360
0.6339,0.0000,0.0000,0.0001,0.6319,0.0019,200,3556.9602
0.6407,0.0000,0.0000,0.0001,0.6395,0.0011,200,3557.5942
0.6071,0.0000,0.0000,0.0001,0.6065,0.0006,200,3558.2348
0.6264,0.0000,0.0000,0.0001,0.6250,0.0013,200,3558.8420
0.6037,0.0000,0.0000,0.0001,0.6021,0.0015,200,3559.4684
0.6232,0.0000,0.0000,0.0001,0.6213,0.0018,200,3560.0720
0.6486,0.0000,0.0000,0.0001,0.6469,0.0017,200,3560.6953
0.6399,0.0000,0.0000,0.0001,0.6386,0.0011,200,3561.3439
0.6201,0.0000,0.0000,0.0001,0.6184,0.0016,200,3561.9838
0.6167,0.0000,0.0000,0.0001,0.6150,0.0016,200,3562.6039
0.6183,0.0000,0.0000,0.0002,0.6167,0.0014,200,3563.2206
0.6269,0.0000,0.0000,0.0000,0.6253,0.0015,200,3563.8389
0.6136,0.0000,0.0000,0.0001,0.6115,0.0020,200,3564.4657
0.6048,0.0000,0.0000,0.0001,0.6032,0.0015,200,3565.0794
0.8006,0.0000,0.0000,0.0001,0.7989,0.0016,200,3565.6842
0.6210,0.0000,0.0000,0.0001,0.6193,0.0016,200,3566.4848
0.6156,0.0000,0.0000,0.0001,0.6141,0.0014,200,3567.1058
0.6219,0.0000,0.0000,0.0001,0.6202,0.0015,200,3567.7215
0.6263,0.0000,0.0000,0.0001,0.6244,0.0018,200,3568.3434
0.6133,0.0000,0.0000,0.0001,0.6116,0.0016,200,3568.9697
0.6304,0.0000,0.0000,0.0001,0.6284,0.0018,200,3569.5829
0.6179,0.0000,0.0000,0.0001,0.6162,0.0016,200,3570.2134
0.6447,0.0000,0.0000,0.0001,0.6432,0.0014,200,3570.8313
0.6349,0.0000,0.0000,0.0001,0.6336,0.0013,200,3571.4760
0.6283,0.0000,0.0000,0.0001,0.6262,0.0020,200,3572.1110
0.6291,0.0000,0.0000,0.0001,0.6273,0.0016,200,3572.7393
0.6073,0.0000,0.0000,0.0001,0.6053,0.0017,200,3573.3684
0.6377,0.0000,0.0000,0.0001,0.6359,0.0016,200,3573.9757
0.5990,0.0000,0.0000,0.0001,0.5973,0.0015,200,3574.6134
0.6247,0.0000,0.0000,0.0001,0.6230,0.0016,200,3575.2124
0.6453,0.0000,0.0000,0.0001,0.6435,0.0016,200,3575.8371
0.6610,0.0000,0.0000,0.0001,0.6592,0.0015,200,3576.4824
0.6290,0.0000,0.0000,0.0001,0.6273,0.0016,200,3577.1434
0.6228,0.0000,0.0000,0.0001,0.6211,0.0016,200,3577.7724
0.6120,0.0000,0.0000,0.0001,0.6103,0.0016,200,3578.3952
0.6263,0.0000,0.0000,0.0001,0.6244,0.0018,200,3579.0072
0.6495,0.0000,0.0000,0.0000,0.6477,0.0016,200,3579.6336
0.6125,0.0000,0.0000,0.0001,0.6105,0.0019,200,3580.2831
0.6282,0.0000,0.0000,0.0001,0.6264,0.0016,200,3580.8955
0.6324,0.0000,0.0000,0.0001,0.6311,0.0012,200,3581.5237
0.6720,0.0000,0.0000,0.0000,0.6702,0.0018,200,3582.1561
0.6297,0.0000,0.0000,0.0001,0.6277,0.0019,200,3582.8282
0.6135,0.0000,0.0000,0.0001,0.6117,0.0017,200,3583.4579
0.6593,0.0000,0.0000,0.0001,0.6578,0.0014,200,3584.0713
0.6250,0.0000,0.0000,0.0001,0.6234,0.0015,200,3584.7306
0.6193,0.0000,0.0000,0.0001,0.6171,0.0022,200,3585.3556
0.6358,0.0000,0.0000,0.0001,0.6343,0.0014,200,3585.9749
0.6311,0.0000,0.0000,0.0001,0.6294,0.0015,200,3586.6107
0.6148,0.0000,0.0000,0.0000,0.6131,0.0016,200,3587.2418
0.6279,0.0000,0.0000,0.0001,0.6260,0.0017,200,3587.8566
0.6512,0.0000,0.0000,0.0003,0.6494,0.0015,200,3588.4845
0.6287,0.0000,0.0000,0.0001,0.6267,0.0018,200,3589.1356
0.6278,0.0000,0.0000,0.0001,0.6255,0.0022,200,3589.7643
0.6057,0.0000,0.0000,0.0001,0.6037,0.0019,200,3590.3921
0.6260,0.0000,0.0000,0.0001,0.6240,0.0018,200,3590.9978
0.6378,0.0000,0.0000,0.0001,0.6361,0.0016,200,3591.6238
0.6287,0.0000,0.0000,0.0001,0.6270,0.0015,200,3592.2616
0.6054,0.0000,0.0000,0.0001,0.6040,0.0013,200,3592.8903
0.6282,0.0000,0.0000,0.0001,0.6266,0.0015,200,3593.4958
0.6055,0.0000,0.0000,0.0001,0.6040,0.0014,200,3594.1239
0.6024,0.0000,0.0000,0.0001,0.6005,0.0018,200,3594.7295
0.6082,0.0000,0.0000,0.0001,0.6063,0.0018,200,3595.3319
0.6198,0.0000,0.0000,0.0001,0.6184,0.0012,200,3595.9401
1.0751,0.0000,0.0000,0.0001,1.0738,0.0011,200,3596.5600
0.6368,0.0000,0.0000,0.0000,0.6349,0.0018,200,3597.6350
0.6139,0.0000,0.0000,0.0001,0.6121,0.0016,200,3598.2718
0.6337,0.0000,0.0000,0.0001,0.6319,0.0016,200,3598.8857
0.6446,0.0000,0.0000,0.0001,0.6428,0.0017,200,3599.5193
0.6672,0.0000,0.0000,0.0001,0.6659,0.0012,200,3600.1640
0.6323,0.0000,0.0000,0.0000,0.6303,0.0019,200,3600.8311
0.6251,0.0000,0.0000,0.0001,0.6234,0.0016,200,3601.4634
0.6369,0.0000,0.0000,0.0001,0.6351,0.0015,200,3602.0885
0.6289,0.0000,0.0000,0.0001,0.6275,0.0013,200,3602.7254
0.6051,0.0000,0.0000,0.0001,0.6033,0.0016,200,3603.3544
0.6295,0.0000,0.0000,0.0001,0.6277,0.0016,200,3603.9595
0.6418,0.0000,0.0000,0.0001,0.6405,0.0012,200,3604.5889
0.6179,0.0000,0.0000,0.0000,0.6160,0.0018,200,3605.2307
0.6096,0.0000,0.0000,0.0003,0.6071,0.0021,200,3605.8486
0.6031,0.0000,0.0000,0.0001,0.6005,0.0024,200,3606.4583
0.6147,0.0000,0.0000,0.0001,0.6131,0.0015,200,3607.0613
0.6498,0.0000,0.0000,0.0001,0.6478,0.0019,200,3607.6761
0.6204,0.0000,0.0000,0.0001,0.6191,0.0012,200,3608.3259
0.6655,0.0000,0.0000,0.0000,0.6642,0.0011,200,3608.9463
0.6372,0.0000,0.0000,0.0000,0.6354,0.0017,200,3609.6118
0.6533,0.0000,0.0000,0.0001,0.6518,0.0014,200,3610.2490
0.6292,0.0000,0.0000,0.0001,0.6270,0.0021,200,3610.9023
0.6145,0.0000,0.0000,0.0001,0.6120,0.0023,200,3611.5316
0.6132,0.0000,0.0000,0.0001,0.6116,0.0015,200,3612.1461
0.6203,0.0000,0.0000,0.0001,0.6187,0.0015,200,3612.7592
0.6204,0.0000,0.0000,0.0001,0.6192,0.0011,200,3613.3796
0.6323,0.0000,0.0000,0.0000,0.6304,0.0018,200,3614.0000
0.6134,0.0000,0.0000,0.0001,0.6125,0.0007,200,3614.6323
0.6252,0.0000,0.0000,0.0000,0.6237,0.0015,200,3615.2457
0.6480,0.0000,0.0000,0.0001,0.6461,0.0018,200,3615.8709
0.6529,0.0000,0.0000,0.0001,0.6512,0.0016,200,3616.5189
0.6466,0.0000,0.0000,0.0001,0.6449,0.0015,200,3617.1718
0.6299,0.0000,0.0000,0.0001,0.6289,0.0009,200,3617.8184
0.6823,0.0000,0.0000,0.0001,0.6803,0.0018,200,3618.4484
0.6475,0.0000,0.0000,0.0001,0.6462,0.0012,200,3619.1307
0.6433,0.0000,0.0000,0.0000,0.6405,0.0027,200,3619.7782
0.6244,0.0000,0.0000,0.0001,0.6231,0.0012,200,3620.4215
0.6255,0.0000,0.0000,0.0000,0.6238,0.0016,200,3621.0459
0.6525,0.0000,0.0000,0.0001,0.6508,0.0016,200,3621.6714
0.6245,0.0000,0.0000,0.0001,0.6229,0.0015,200,3622.3239
0.6342,0.0000,0.0000,0.0001,0.6327,0.0014,200,3622.9484
0.6109,0.0000,0.0000,0.0001,0.6089,0.0018,200,3623.5826
0.6106,0.0000,0.0000,0.0001,0.6091,0.0014,200,3624.1935
0.6132,0.0000,0.0000,0.0001,0.6123,0.0008,200,3624.8041
0.6238,0.0000,0.0000,0.0000,0.6221,0.0017,200,3625.4173
0.6185,0.0000,0.0000,0.0001,0.6167,0.0017,200,3626.0411
0.6524,0.0000,0.0000,0.0001,0.6509,0.0014,200,3626.6596
0.6258,0.0000,0.0000,0.0001,0.6242,0.0014,200,3627.3120
0.6142,0.0000,0.0000,0.0001,0.6126,0.0015,200,3627.9378
0.6180,0.0000,0.0000,0.0001,0.6163,0.0016,200,3628.5521
0.6279,0.0000,0.0000,0.0001,0.6270,0.0007,200,3629.1701
0.6093,0.0000,0.0000,0.0001,0.6073,0.0019,200,3629.7980
0.6249,0.0000,0.0000,0.0001,0.6234,0.0014,200,3630.4073
0.6491,0.0000,0.0000,0.0001,0.6474,0.0016,200,3631.0322
0.6313,0.0000,0.0000,0.0001,0.6296,0.0015,200,3631.6813
0.6208,0.0000,0.0000,0.0001,0.6188,0.0018,200,3632.3126
0.6362,0.0000,0.0000,0.0001,0.6346,0.0015,200,3632.9334
0.6362,0.0000,0.0000,0.0001,0.6344,0.0016,200,3633.5697
0.6236,0.0000,0.0000,0.0001,0.6220,0.0014,200,3634.2059
0.6595,0.0000,0.0000,0.0001,0.6562,0.0033,200,3634.8294
0.6494,0.0000,0.0000,0.0000,0.6478,0.0016,200,3635.4890
0.6320,0.0000,0.0000,0.0000,0.6302,0.0016,200,3636.1384
0.6308,0.0000,0.0000,0.0001,0.6291,0.0016,200,3636.7704
0.6267,0.0000,0.0000,0.0001,0.6243,0.0023,200,3637.4012
0.6338,0.0000,0.0000,0.0001,0.6321,0.0016,200,3638.0279
0.6176,0.0000,0.0000,0.0001,0.6158,0.0017,200,3638.6617
0.6246,0.0000,0.0000,0.0001,0.6233,0.0012,200,3639.2793
0.6275,0.0000,0.0000,0.0001,0.6259,0.0015,200,3639.9039
0.7685,0.0000,0.0000,0.0001,0.7659,0.0024,200,3640.5314
0.6320,0.0000,0.0000,0.0001,0.6309,0.0011,200,3641.2999
0.6223,0.0000,0.0000,0.0000,0.6213,0.0010,200,3641.9319
0.6348,0.0000,0.0000,0.0000,0.6326,0.0021,200,3642.5543
0.6232,0.0000,0.0000,0.0001,0.6212,0.0019,200,3643.1891
0.6243,0.0000,0.0000,0.0001,0.6222,0.0020,200,3643.8123
0.6672,0.0000,0.0000,0.0002,0.6648,0.0021,200,3644.4366
0.6788,0.0000,0.0000,0.0001,0.6777,0.0010,200,3645.1038
0.6338,0.0000,0.0000,0.0001,0.6327,0.0010,200,3645.7826
0.6450,0.0000,0.0000,0.0000,0.6442,0.0008,200,3646.4164
0.6119,0.0000,0.0000,0.0000,0.6100,0.0018,200,3647.0615
0.6360,0.0000,0.0000,0.0001,0.6333,0.0025,200,3647.6734
0.6425,0.0000,0.0000,0.0001,0.6408,0.0016,200,3648.3094
0.6205,0.0000,0.0000,0.0001,0.6188,0.0016,200,3648.9519
0.6144,0.0000,0.0000,0.0000,0.6124,0.0018,200,3649.5724
0.6449,0.0000,0.0000,0.0001,0.6431,0.0016,200,3650.1867
0.6116,0.0000,0.0000,0.0001,0.6100,0.0015,200,3650.8316
0.6485,0.0000,0.0000,0.0001,0.6469,0.0015,200,3651.4432
0.6385,0.0000,0.0000,0.0000,0.6375,0.0009,200,3652.0917
0.6506,0.0000,0.0000,0.0000,0.6489,0.0016,200,3652.7302
0.6475,0.0000,0.0000,0.0001,0.6458,0.0016,200,3653.3808
0.6227,0.0000,0.0000,0.0001,0.6211,0.0015,200,3654.0284
0.6119,0.0000,0.0000,0.0001,0.6107,0.0012,200,3654.6511
0.6367,0.0000,0.0000,0.0001,0.6350,0.0016,200,3655.2630
0.6281,0.0000,0.0000,0.0001,0.6265,0.0015,200,3655.8997
0.6284,0.0000,0.0000,0.0001,0.6268,0.0014,200,3656.5278
0.6114,0.0000,0.0000,0.0001,0.6104,0.0008,200,3657.1562
0.6269,0.0000,0.0000,0.0001,0.6250,0.0018,200,3657.7676
0.6218,0.0000,0.0000,0.0001,0.6200,0.0017,200,3658.3945
0.6259,0.0000,0.0000,0.0001,0.6241,0.0016,200,3659.0163
0.6302,0.0000,0.0000,0.0001,0.6285,0.0015,200,3659.6422
0.6821,0.0000,0.0000,0.0002,0.6810,0.0008,200,3660.2724
0.6444,0.0000,0.0000,0.0001,0.6429,0.0014,200,3660.9545
0.7065,0.0000,0.0000,0.0001,0.7045,0.0018,200,3661.5989
0.6332,0.0000,0.0000,0.0001,0.6317,0.0013,200,3662.3054
0.6145,0.0000,0.0000,0.0001,0.6127,0.0017,200,3662.9386
0.6311,0.0000,0.0000,0.0001,0.6292,0.0017,200,3663.5531
0.6147,0.0000,0.0000,0.0001,0.6132,0.0014,200,3664.1841
0.6389,0.0000,0.0000,0.0001,0.6380,0.0008,200,3664.7988
0.6182,0.0000,0.0000,0.0000,0.6166,0.0016,200,3665.4377
0.6835,0.0000,0.0000,0.0001,0.6816,0.0018,200,3666.0559
0.6563,0.0000,0.0000,0.0001,0.6545,0.0017,200,3666.7395
0.6298,0.0000,0.0000,0.0001,0.6274,0.0022,200,3667.3958
0.6367,0.0000,0.0000,0.0001,0.6353,0.0013,200,3668.0256
0.6351,0.0000,0.0000,0.0001,0.6332,0.0017,200,3668.6623
0.6115,0.0000,0.0000,0.0001,0.6097,0.0017,200,3669.2974
0.6453,0.0000,0.0000,0.0001,0.6440,0.0012,200,3669.9090
0.6643,0.0000,0.0000,0.0001,0.6630,0.0012,200,3670.5543
0.6782,0.0000,0.0000,0.0001,0.6765,0.0014,200,3671.2185
0.6535,0.0000,0.0000,0.0001,0.6518,0.0017,200,3671.8967
0.6080,0.0000,0.0000,0.0001,0.6067,0.0012,200,3672.5503
0.6318,0.0000,0.0000,0.0001,0.6298,0.0019,200,3673.1582
0.6454,0.0000,0.0000,0.0001,0.6434,0.0018,200,3673.7900
0.6363,0.0000,0.0000,0.0001,0.6347,0.0015,200,3674.4354
0.6358,0.0000,0.0000,0.0001,0.6346,0.0011,200,3675.0717
0.6535,0.0000,0.0000,0.0001,0.6515,0.0019,200,3675.7075
0.6333,0.0000,0.0000,0.0001,0.6312,0.0020,200,3676.3610
0.6430,0.0000,0.0000,0.0001,0.6420,0.0008,200,3676.9943
0.6256,0.0000,0.0000,0.0000,0.6241,0.0014,200,3677.6373
0.6618,0.0000,0.0000,0.0001,0.6602,0.0015,200,3678.2629
0.6235,0.0000,0.0000,0.0001,0.6219,0.0015,200,3678.9247
0.6206,0.0000,0.0000,0.0001,0.6189,0.0016,200,3679.5482
0.6313,0.0000,0.0000,0.0001,0.6297,0.0015,200,3680.1688
0.6587,0.0000,0.0000,0.0001,0.6566,0.0020,200,3680.8001
0.6656,0.0000,0.0000,0.0001,0.6638,0.0016,200,3681.4589
0.6370,0.0000,0.0000,0.0001,0.6357,0.0009,200,3682.1245
0.6133,0.0000,0.0000,0.0001,0.6114,0.0019,200,3682.7614
0.6474,0.0000,0.0000,0.0001,0.6457,0.0016,200,3683.3748
0.6237,0.0000,0.0000,0.0001,0.6221,0.0014,200,3684.0222
0.6199,0.0000,0.0000,0.0002,0.6180,0.0017,200,3684.6459
0.6048,0.0000,0.0000,0.0001,0.6031,0.0016,200,3685.2658
0.6320,0.0000,0.0000,0.0001,0.6303,0.0015,200,3685.8706
0.6477,0.0000,0.0000,0.0001,0.6459,0.0017,200,3686.5026
0.6192,0.0000,0.0000,0.0001,0.6176,0.0015,200,3687.1502
0.6153,0.0000,0.0000,0.0001,0.6133,0.0019,200,3687.7694
0.6157,0.0000,0.0000,0.0001,0.6154,0.0002,200,3688.3847
0.6309,0.0000,0.0000,0.0001,0.6292,0.0017,200,3689.0004
0.6296,0.0000,0.0000,0.0001,0.6275,0.0020,200,3689.6313
0.6486,0.0000,0.0000,0.0001,0.6469,0.0015,200,3690.2609
0.6679,0.0000,0.0000,0.0001,0.6662,0.0016,200,3690.9095
0.6580,0.0000,0.0000,0.0001,0.6563,0.0015,200,3691.5774
0.6044,0.0000,0.0000,0.0001,0.6031,0.0012,200,3692.2353
0.6560,0.0000,0.0000,0.0001,0.6538,0.0020,200,3692.8398
0.6168,0.0000,0.0000,0.0001,0.6152,0.0015,200,3693.4957
0.6757,0.0000,0.0000,0.0001,0.6738,0.0016,200,3694.1125
0.6043,0.0000,0.0000,0.0001,0.6029,0.0013,200,3694.7882
0.6228,0.0000,0.0000,0.0001,0.6203,0.0023,200,3695.3926
0.6447,0.0000,0.0000,0.0001,0.6430,0.0015,200,3696.0154
0.6218,0.0000,0.0000,0.0001,0.6202,0.0015,200,3696.6601
0.6132,0.0000,0.0000,0.0001,0.6117,0.0014,200,3697.2819
0.6096,0.0000,0.0000,0.0000,0.6080,0.0016,200,3697.8951
0.6224,0.0000,0.0000,0.0001,0.6207,0.0016,200,3698.5047
0.6419,0.0000,0.0000,0.0001,0.6410,0.0008,200,3699.1271
0.6312,0.0000,0.0000,0.0000,0.6296,0.0016,200,3699.7690
0.5999,0.0000,0.0000,0.0001,0.5984,0.0014,200,3700.4002
0.6271,0.0000,0.0000,0.0001,0.6254,0.0016,200,3701.0002
0.6478,0.0000,0.0000,0.0001,0.6463,0.0014,200,3701.6273
0.6661,0.0000,0.0000,0.0001,0.6639,0.0021,200,3702.2751
0.7173,0.0000,0.0000,0.0001,0.7159,0.0013,200,3702.9412
0.6139,0.0000,0.0000,0.0001,0.6123,0.0015,200,3703.6585
0.6320,0.0000,0.0000,0.0001,0.6305,0.0014,200,3704.2724
0.6549,0.0000,0.0000,0.0001,0.6530,0.0017,200,3704.9045
0.6547,0.0000,0.0000,0.0001,0.6532,0.0014,200,3705.5594
0.6175,0.0000,0.0000,0.0001,0.6162,0.0012,200,3706.2141
0.6667,0.0000,0.0000,0.0001,0.6646,0.0021,200,3706.8316
0.6053,0.0000,0.0000,0.0001,0.6037,0.0015,200,3707.4984
0.6332,0.0000,0.0000,0.0001,0.6311,0.0020,200,3708.1037
0.6276,0.0000,0.0000,0.0001,0.6259,0.0017,200,3708.7369
0.6779,0.0000,0.0000,0.0002,0.6762,0.0015,200,3709.3646
0.6239,0.0000,0.0000,0.0002,0.6233,0.0004,200,3710.0425
0.6515,0.0000,0.0000,0.0001,0.6495,0.0020,200,3710.6665
0.6244,0.0000,0.0000,0.0001,0.6227,0.0016,200,3711.3180
0.6384,0.0000,0.0000,0.0001,0.6371,0.0012,200,3711.9424
0.6330,0.0000,0.0000,0.0001,0.6312,0.0017,200,3712.5808
0.6248,0.0000,0.0000,0.0001,0.6231,0.0016,200,3713.2138
0.6670,0.0000,0.0000,0.0001,0.6650,0.0019,200,3713.8386
0.6153,0.0000,0.0000,0.0001,0.6127,0.0026,200,3714.5057
0.6324,0.0000,0.0000,0.0001,0.6311,0.0012,200,3715.1210
0.6142,0.0000,0.0000,0.0001,0.6120,0.0022,200,3715.7534
0.6093,0.0000,0.0000,0.0001,0.6074,0.0018,200,3716.3677
0.6340,0.0000,0.0000,0.0001,0.6330,0.0009,200,3716.9770
0.8575,0.0000,0.0000,0.0000,0.8556,0.0019,200,3717.6110
0.6231,0.0000,0.0000,0.0001,0.6207,0.0015,200,3718.4685
0.6200,0.0000,0.0000,0.0001,0.6186,0.0013,200,3719.0916
0.6247,0.0000,0.0000,0.0001,0.6230,0.0015,200,3719.7117
0.7258,0.0000,0.0000,0.0001,0.7240,0.0017,200,3720.3364
0.6219,0.0000,0.0000,0.0001,0.6195,0.0024,200,3721.0622
0.6732,0.0000,0.0000,0.0001,0.6713,0.0018,200,3721.6842
0.6269,0.0000,0.0000,0.0001,0.6250,0.0017,200,3722.3574
0.6312,0.0000,0.0000,0.0001,0.6292,0.0018,200,3722.9843
0.6124,0.0000,0.0000,0.0001,0.6105,0.0018,200,3723.6155
0.6033,0.0000,0.0000,0.0000,0.6015,0.0017,200,3724.2279
0.6245,0.0000,0.0000,0.0001,0.6225,0.0019,200,3724.8312
0.6141,0.0000,0.0000,0.0001,0.6125,0.0016,200,3725.4557
0.6127,0.0000,0.0000,0.0001,0.6112,0.0014,200,3726.0699
0.6314,0.0000,0.0000,0.0001,0.6295,0.0018,200,3726.6826
0.6480,0.0000,0.0000,0.0001,0.6469,0.0009,200,3727.3140
0.6270,0.0000,0.0000,0.0000,0.6253,0.0017,200,3727.9619
0.6325,0.0000,0.0000,0.0001,0.6304,0.0018,200,3728.5889
0.6047,0.0000,0.0000,0.0001,0.6032,0.0013,200,3729.2214
0.6245,0.0000,0.0000,0.0001,0.6230,0.0014,200,3729.8261
0.6294,0.0000,0.0000,0.0001,0.6277,0.0016,200,3730.4506
0.6701,0.0000,0.0000,0.0001,0.6684,0.0016,200,3731.0799
0.6232,0.0000,0.0000,0.0001,0.6216,0.0015,200,3731.7501
0.6225,0.0000,0.0000,0.0001,0.6211,0.0012,200,3732.3733
0.6100,0.0000,0.0000,0.0001,0.6093,0.0006,200,3732.9957
0.6209,0.0000,0.0000,0.0001,0.6190,0.0018,200,3733.6058
0.6411,0.0000,0.0000,0.0001,0.6395,0.0015,200,3734.2267
0.6199,0.0000,0.0000,0.0001,0.6183,0.0015,200,3734.8678
0.6164,0.0000,0.0000,0.0001,0.6140,0.0023,200,3735.4877
0.6599,0.0000,0.0000,0.0002,0.6578,0.0018,200,3736.1041
0.6452,0.0000,0.0000,0.0001,0.6435,0.0016,200,3736.7640
0.6203,0.0000,0.0000,0.0001,0.6189,0.0013,200,3737.4092
0.6233,0.0000,0.0000,0.0001,0.6215,0.0016,200,3738.0295
0.6234,0.0000,0.0000,0.0001,0.6222,0.0012,200,3738.6528
0.6183,0.0000,0.0000,0.0000,0.6169,0.0013,200,3739.2762
0.5948,0.0000,0.0000,0.0001,0.5940,0.0008,200,3739.8945
0.6199,0.0000,0.0000,0.0000,0.6180,0.0018,200,3740.4893
0.6056,0.0000,0.0000,0.0001,0.6040,0.0015,200,3741.1092
0.6369,0.0000,0.0000,0.0000,0.6354,0.0014,200,3741.7148
0.6223,0.0000,0.0000,0.0001,0.6207,0.0015,200,3742.3517
0.6213,0.0000,0.0000,0.0001,0.6198,0.0015,200,3742.9741
0.6155,0.0000,0.0000,0.0001,0.6139,0.0015,200,3743.5954
0.6184,0.0000,0.0000,0.0001,0.6165,0.0018,200,3744.2109
0.6446,0.0000,0.0000,0.0001,0.6434,0.0011,200,3744.8293
0.6308,0.0000,0.0000,0.0001,0.6293,0.0014,200,3745.4739
0.6333,0.0000,0.0000,0.0001,0.6312,0.0019,200,3746.1047
0.6238,0.0000,0.0000,0.0001,0.6221,0.0015,200,3746.7379
0.6200,0.0000,0.0000,0.0001,0.6176,0.0023,200,3747.3617
0.6136,0.0000,0.0000,0.0001,0.6115,0.0020,200,3747.9817
0.6136,0.0000,0.0000,0.0001,0.6110,0.0025,200,3748.5953
0.6411,0.0000,0.0000,0.0001,0.6393,0.0017,200,3749.2089
0.6240,0.0000,0.0000,0.0001,0.6232,0.0008,200,3749.8501
0.6387,0.0000,0.0000,0.0000,0.6370,0.0016,200,3750.4741
0.6627,0.0000,0.0000,0.0001,0.6605,0.0022,200,3751.1129
0.6585,0.0000,0.0000,0.0001,0.6568,0.0015,200,3751.7756
0.6493,0.0000,0.0000,0.0001,0.6474,0.0017,200,3752.4341
0.6199,0.0000,0.0000,0.0001,0.6177,0.0021,200,3753.0834
0.6452,0.0000,0.0000,0.0001,0.6436,0.0015,200,3753.7033
0.6152,0.0000,0.0000,0.0003,0.6131,0.0018,200,3754.3486
0.6424,0.0000,0.0000,0.0001,0.6407,0.0016,200,3754.9638
0.6364,0.0000,0.0000,0.0001,0.6351,0.0012,200,3755.6062
0.6733,0.0000,0.0000,0.0000,0.6712,0.0019,200,3756.2426
0.6264,0.0000,0.0000,0.0001,0.6251,0.0012,200,3756.9158
0.6471,0.0000,0.0000,0.0001,0.6425,0.0045,200,3757.5423
0.6740,0.0000,0.0000,0.0001,0.6723,0.0016,200,3758.1894
0.6404,0.0000,0.0000,0.0001,0.6387,0.0015,200,3758.8634
0.6101,0.0000,0.0000,0.0001,0.6082,0.0017,200,3759.5038
0.6189,0.0000,0.0000,0.0001,0.6176,0.0012,200,3760.1139
0.6336,0.0000,0.0000,0.0001,0.6320,0.0015,200,3760.7328
0.6079,0.0000,0.0000,0.0001,0.6063,0.0015,200,3761.3664
0.6233,0.0000,0.0000,0.0001,0.6216,0.0016,200,3761.9744
0.6554,0.0000,0.0000,0.0001,0.6535,0.0018,200,3762.5977
0.6046,0.0000,0.0000,0.0001,0.6036,0.0009,200,3763.2531
0.6341,0.0000,0.0000,0.0001,0.6323,0.0018,200,3763.8577
0.6330,0.0000,0.0000,0.0001,0.6314,0.0015,200,3764.4919
0.6460,0.0000,0.0000,0.0001,0.6442,0.0015,200,3765.1248
0.6509,0.0000,0.0000,0.0001,0.6490,0.0018,200,3765.7708
0.6513,0.0000,0.0000,0.0001,0.6494,0.0017,200,3766.4217
0.6232,0.0000,0.0000,0.0001,0.6210,0.0020,200,3767.0730
0.6526,0.0000,0.0000,0.0001,0.6506,0.0019,200,3767.6962
0.6125,0.0000,0.0000,0.0001,0.6106,0.0018,200,3768.3488
0.6310,0.0000,0.0000,0.0001,0.6291,0.0018,200,3768.9613
0.6222,0.0000,0.0000,0.0001,0.6210,0.0011,200,3769.5923
0.6166,0.0000,0.0000,0.0001,0.6150,0.0016,200,3770.2145
0.6497,0.0000,0.0000,0.0001,0.6480,0.0016,200,3770.8312
0.6308,0.0000,0.0000,0.0001,0.6290,0.0017,200,3771.4809
0.6199,0.0000,0.0000,0.0001,0.6184,0.0014,200,3772.1118
0.6651,0.0000,0.0000,0.0001,0.6639,0.0011,200,3772.7317
0.6429,0.0000,0.0000,0.0001,0.6411,0.0015,200,3773.3968
0.6312,0.0000,0.0000,0.0001,0.6299,0.0012,200,3774.0397
0.6174,0.0000,0.0000,0.0001,0.6156,0.0016,200,3774.6709
0.6028,0.0000,0.0000,0.0001,0.6009,0.0018,200,3775.2883
0.6469,0.0000,0.0000,0.0001,0.6454,0.0014,200,3775.8912
0.6551,0.0000,0.0000,0.0001,0.6532,0.0018,200,3776.5381
0.6152,0.0000,0.0000,0.0001,0.6138,0.0013,200,3777.1932
0.6427,0.0000,0.0000,0.0001,0.6410,0.0016,200,3777.8085
0.6144,0.0000,0.0000,0.0001,0.6126,0.0017,200,3778.4511
0.6164,0.0000,0.0000,0.0001,0.6148,0.0015,200,3779.0656
0.6030,0.0000,0.0000,0.0001,0.6018,0.0010,200,3779.6820
0.6334,0.0000,0.0000,0.0000,0.6319,0.0015,200,3780.2850
0.6162,0.0000,0.0000,0.0001,0.6149,0.0012,200,3780.9184
0.6195,0.0000,0.0000,0.0001,0.6165,0.0030,200,3781.5346
0.6210,0.0000,0.0000,0.0001,0.6192,0.0016,200,3782.1541
0.6382,0.0000,0.0000,0.0001,0.6363,0.0018,200,3782.7751
0.6193,0.0000,0.0000,0.0001,0.6176,0.0016,200,3783.4133
0.6346,0.0000,0.0000,0.0001,0.6327,0.0018,200,3784.0327
0.6267,0.0000,0.0000,0.0001,0.6251,0.0015,200,3784.6673
0.6304,0.0000,0.0000,0.0001,0.6282,0.0021,200,3785.2940
0.6323,0.0000,0.0000,0.0001,0.6308,0.0014,200,3785.9245
0.6176,0.0000,0.0000,0.0001,0.6160,0.0015,200,3786.5568
0.6485,0.0000,0.0000,0.0001,0.6470,0.0015,200,3787.1744
0.6417,0.0000,0.0000,0.0001,0.6401,0.0015,200,3787.8230
0.6190,0.0000,0.0000,0.0001,0.6174,0.0015,200,3788.4647
0.6276,0.0000,0.0000,0.0001,0.6256,0.0019,200,3789.0837
0.6206,0.0000,0.0000,0.0001,0.6189,0.0017,200,3789.7114
0.6877,0.0000,0.0000,0.0001,0.6863,0.0013,200,3790.3320
0.6232,0.0000,0.0000,0.0001,0.6213,0.0018,200,3791.0197
0.6346,0.0000,0.0000,0.0001,0.6329,0.0016,200,3791.6429
0.6363,0.0000,0.0000,0.0001,0.6343,0.0020,200,3792.2774
0.6213,0.0000,0.0000,0.0001,0.6195,0.0017,200,3792.9138
0.6600,0.0000,0.0000,0.0001,0.6581,0.0018,200,3793.5351
0.6199,0.0000,0.0000,0.0001,0.6175,0.0022,200,3794.1951
0.6129,0.0000,0.0000,0.0001,0.6115,0.0013,200,3794.8150
0.6160,0.0000,0.0000,0.0001,0.6149,0.0010,200,3795.4279
0.6205,0.0000,0.0000,0.0000,0.6188,0.0017,200,3796.0439
0.6494,0.0000,0.0000,0.0001,0.6477,0.0016,200,3796.6644
0.6460,0.0000,0.0000,0.0001,0.6446,0.0013,200,3797.3138
0.6443,0.0000,0.0000,0.0001,0.6428,0.0014,200,3797.9598
0.6245,0.0000,0.0000,0.0001,0.6230,0.0014,200,3798.6041
0.6328,0.0000,0.0000,0.0001,0.6313,0.0011,200,3799.2286
0.6503,0.0000,0.0000,0.0000,0.6487,0.0015,200,3799.8614
0.6384,0.0000,0.0000,0.0001,0.6367,0.0016,200,3800.5117
0.6146,0.0000,0.0000,0.0001,0.6126,0.0019,200,3801.1501
0.6121,0.0000,0.0000,0.0001,0.6105,0.0015,200,3801.7648
0.6216,0.0000,0.0000,0.0001,0.6199,0.0016,200,3802.3768
0.6202,0.0000,0.0000,0.0001,0.6182,0.0019,200,3802.9984
0.6590,0.0000,0.0000,0.0001,0.6569,0.0020,200,3803.6187
0.6274,0.0000,0.0000,0.0001,0.6253,0.0019,200,3804.2777
0.6624,0.0000,0.0000,0.0001,0.6605,0.0017,200,3804.9051
0.6278,0.0000,0.0000,0.0001,0.6260,0.0017,200,3805.5675
0.6114,0.0000,0.0000,0.0001,0.6095,0.0018,200,3806.1953
0.6310,0.0000,0.0000,0.0001,0.6302,0.0007,200,3806.8066
0.6695,0.0000,0.0000,0.0000,0.6680,0.0014,200,3807.4376
0.6088,0.0000,0.0000,0.0001,0.6075,0.0012,200,3808.1071
0.6275,0.0000,0.0000,0.0001,0.6256,0.0018,200,3808.7159
0.6363,0.0000,0.0000,0.0001,0.6350,0.0012,200,3809.3434
0.6122,0.0000,0.0000,0.0001,0.6100,0.0020,200,3809.9797
0.6519,0.0000,0.0000,0.0001,0.6503,0.0015,200,3810.5919
0.6729,0.0000,0.0000,0.0001,0.6709,0.0019,200,3811.2439
0.6158,0.0000,0.0000,0.0001,0.6141,0.0016,200,3811.9168
0.6050,0.0000,0.0000,0.0001,0.6038,0.0009,200,3812.5326
0.6367,0.0000,0.0000,0.0000,0.6353,0.0014,200,3813.1376
0.6137,0.0000,0.0000,0.0001,0.6125,0.0010,200,3813.7744
0.6438,0.0000,0.0000,0.0001,0.6416,0.0021,200,3814.3880
0.6319,0.0000,0.0000,0.0001,0.6302,0.0016,200,3815.0318
0.6141,0.0000,0.0000,0.0001,0.6129,0.0011,200,3815.6637
0.6224,0.0000,0.0000,0.0001,0.6211,0.0012,200,3816.2779
0.6557,0.0000,0.0000,0.0001,0.6539,0.0016,200,3816.9003
0.6653,0.0000,0.0000,0.0001,0.6634,0.0018,200,3817.5560
0.6230,0.0000,0.0000,0.0001,0.6213,0.0017,200,3818.2213
0.6396,0.0000,0.0000,0.0002,0.6382,0.0011,200,3818.8444
0.6323,0.0000,0.0000,0.0001,0.6308,0.0014,200,3819.4840
0.6612,0.0000,0.0000,0.0001,0.6592,0.0018,200,3820.1163
0.6057,0.0000,0.0000,0.0001,0.6045,0.0011,200,3820.7774
0.6191,0.0000,0.0000,0.0000,0.6172,0.0018,200,3821.3831
0.6542,0.0000,0.0000,0.0001,0.6523,0.0018,200,3822.0022
0.6311,0.0000,0.0000,0.0001,0.6298,0.0011,200,3822.6564
0.6107,0.0000,0.0000,0.0001,0.6088,0.0017,200,3823.2876
0.6236,0.0000,0.0000,0.0001,0.6214,0.0020,200,3823.8983
0.6108,0.0000,0.0000,0.0001,0.6093,0.0013,200,3824.5219
0.6362,0.0000,0.0000,0.0001,0.6345,0.0017,200,3825.1327
0.6306,0.0000,0.0000,0.0001,0.6262,0.0043,200,3825.7690
0.6307,0.0000,0.0000,0.0003,0.6279,0.0019,200,3826.3996
0.6220,0.0000,0.0000,0.0001,0.6202,0.0017,200,3827.0303
0.6598,0.0000,0.0000,0.0001,0.6581,0.0016,200,3827.6523
0.6236,0.0000,0.0000,0.0001,0.6224,0.0012,200,3828.3121
0.6342,0.0000,0.0000,0.0001,0.6319,0.0022,200,3828.9358
0.6185,0.0000,0.0000,0.0001,0.6163,0.0020,200,3829.5700
0.6430,0.0000,0.0000,0.0001,0.6416,0.0013,200,3830.1884
0.6485,0.0000,0.0000,0.0001,0.6452,0.0032,200,3830.8315
0.6408,0.0000,0.0000,0.0001,0.6395,0.0013,200,3831.4800
0.6172,0.0000,0.0000,0.0001,0.6154,0.0017,200,3832.1209
0.6297,0.0000,0.0000,0.0001,0.6279,0.0016,200,3832.7381
0.6383,0.0000,0.0000,0.0001,0.6365,0.0016,200,3833.3678
0.6331,0.0000,0.0000,0.0001,0.6309,0.0021,200,3834.0061
0.6545,0.0000,0.0000,0.0001,0.6525,0.0019,200,3834.6392
0.6402,0.0000,0.0000,0.0001,0.6383,0.0018,200,3835.2937
0.6166,0.0000,0.0000,0.0001,0.6158,0.0008,200,3835.9339
0.6184,0.0000,0.0000,0.0000,0.6168,0.0015,200,3836.5506
0.6447,0.0000,0.0000,0.0001,0.6444,0.0002,200,3837.1689
0.6242,0.0000,0.0000,0.0001,0.6224,0.0017,200,3837.8137
0.6236,0.0000,0.0000,0.0001,0.6212,0.0021,200,3838.4379
0.6176,0.0000,0.0000,0.0001,0.6158,0.0016,200,3839.0615
0.6528,0.0000,0.0000,0.0001,0.6508,0.0018,200,3839.6791
0.7383,0.0000,0.0000,0.0001,0.7365,0.0017,200,3840.3319
0.6024,0.0000,0.0000,0.0001,0.6005,0.0017,200,3841.0702
0.6457,0.0000,0.0000,0.0001,0.6440,0.0016,200,3841.6728
0.6091,0.0000,0.0000,0.0001,0.6074,0.0016,200,3842.3185
0.6392,0.0000,0.0000,0.0001,0.6369,0.0021,200,3842.9276
0.6105,0.0000,0.0000,0.0001,0.6087,0.0017,200,3843.5668
0.6145,0.0000,0.0000,0.0001,0.6130,0.0014,200,3844.1773
0.6398,0.0000,0.0000,0.0001,0.6379,0.0017,200,3844.7918
0.6268,0.0000,0.0000,0.0001,0.6252,0.0014,200,3845.4317
0.6280,0.0000,0.0000,0.0001,0.6263,0.0016,200,3846.0585
0.6391,0.0000,0.0000,0.0001,0.6374,0.0015,200,3846.6865
0.6171,0.0000,0.0000,0.0001,0.6159,0.0010,200,3847.3256
0.6231,0.0000,0.0000,0.0001,0.6211,0.0019,200,3847.9427
0.6265,0.0000,0.0000,0.0001,0.6248,0.0015,200,3848.5658
0.6124,0.0000,0.0000,0.0001,0.6107,0.0015,200,3849.1922
0.6134,0.0000,0.0000,0.0001,0.6111,0.0021,200,3849.8046
0.6215,0.0000,0.0000,0.0001,0.6200,0.0014,200,3850.4179
0.6150,0.0000,0.0000,0.0001,0.6136,0.0013,200,3851.0395
0.6072,0.0000,0.0000,0.0001,0.6053,0.0018,200,3851.6544
0.6289,0.0000,0.0000,0.0000,0.6272,0.0016,200,3852.2617
0.6166,0.0000,0.0000,0.0001,0.6146,0.0018,200,3852.8906
0.6647,0.0000,0.0000,0.0001,0.6626,0.0019,200,3853.5072
0.6300,0.0000,0.0000,0.0001,0.6281,0.0018,200,3854.1718
0.6834,0.0000,0.0000,0.0001,0.6819,0.0014,200,3854.8019
0.6222,0.0000,0.0000,0.0001,0.6201,0.0020,200,3855.4853
0.6329,0.0000,0.0000,0.0001,0.6291,0.0036,200,3856.1075
0.6232,0.0000,0.0000,0.0001,0.6213,0.0018,200,3856.7404
0.6294,0.0000,0.0000,0.0001,0.6277,0.0015,200,3857.3636
0.6093,0.0000,0.0000,0.0001,0.6079,0.0013,200,3857.9930
0.6673,0.0000,0.0000,0.0001,0.6653,0.0019,200,3858.6023
0.6264,0.0000,0.0000,0.0001,0.6249,0.0013,200,3859.2696
0.6466,0.0000,0.0000,0.0001,0.6447,0.0018,200,3859.8960
0.6218,0.0000,0.0000,0.0001,0.6201,0.0016,200,3860.5427
0.6226,0.0000,0.0000,0.0002,0.6195,0.0029,200,3861.1644
0.6068,0.0000,0.0000,0.0001,0.6049,0.0017,200,3861.7871
0.6378,0.0000,0.0000,0.0001,0.6356,0.0021,200,3862.3938
0.6286,0.0000,0.0000,0.0001,0.6267,0.0018,200,3863.0316
0.6248,0.0000,0.0000,0.0001,0.6232,0.0015,200,3863.6602
0.6215,0.0000,0.0000,0.0001,0.6201,0.0013,200,3864.2850
0.6458,0.0000,0.0000,0.0001,0.6441,0.0017,200,3864.9065
0.6441,0.0000,0.0000,0.0000,0.6429,0.0012,200,3865.5523
0.6374,0.0000,0.0000,0.0001,0.6348,0.0023,200,3866.1965
0.6317,0.0000,0.0000,0.0001,0.6285,0.0031,200,3866.8339
0.6334,0.0000,0.0000,0.0001,0.6321,0.0012,200,3867.4656
0.6294,0.0000,0.0000,0.0000,0.6281,0.0013,200,3868.0989
0.6853,0.0000,0.0000,0.0001,0.6836,0.0016,200,3868.7284
0.6152,0.0000,0.0000,0.0001,0.6132,0.0018,200,3869.4137
0.6286,0.0000,0.0000,0.0001,0.6270,0.0014,200,3870.0289
0.6278,0.0000,0.0000,0.0001,0.6256,0.0021,200,3870.6575
0.8235,0.0000,0.0000,0.0001,0.8219,0.0015,200,3871.2853
0.6319,0.0000,0.0000,0.0001,0.6304,0.0014,200,3872.1088
0.6115,0.0000,0.0000,0.0001,0.6092,0.0023,200,3872.7407
0.6247,0.0000,0.0000,0.0001,0.6231,0.0015,200,3873.3522
0.6772,0.0000,0.0000,0.0001,0.6754,0.0017,200,3873.9769
0.6208,0.0000,0.0000,0.0001,0.6189,0.0018,200,3874.6541
0.6233,0.0000,0.0000,0.0001,0.6219,0.0013,200,3875.2750
0.6266,0.0000,0.0000,0.0001,0.6249,0.0015,200,3875.8982
0.6006,0.0000,0.0000,0.0001,0.5988,0.0017,200,3876.5249
0.6094,0.0000,0.0000,0.0001,0.6083,0.0010,200,3877.1255
0.6428,0.0000,0.0000,0.0000,0.6416,0.0011,200,3877.7349
0.6449,0.0000,0.0000,0.0000,0.6437,0.0011,200,3878.3777
0.6062,0.0000,0.0000,0.0001,0.6044,0.0017,200,3879.0226
0.6151,0.0000,0.0000,0.0001,0.6134,0.0017,200,3879.6287
0.6177,0.0000,0.0000,0.0001,0.6162,0.0014,200,3880.2439
0.6406,0.0000,0.0000,0.0001,0.6391,0.0014,200,3880.8616
0.6456,0.0000,0.0000,0.0001,0.6441,0.0013,200,3881.5023
0.6126,0.0000,0.0000,0.0000,0.6109,0.0017,200,3882.1478
0.6218,0.0000,0.0000,0.0003,0.6199,0.0015,200,3882.7605
0.6434,0.0000,0.0000,0.0001,0.6423,0.0010,200,3883.3822
0.6103,0.0000,0.0000,0.0000,0.6081,0.0021,200,3884.0257
0.6165,0.0000,0.0000,0.0001,0.6147,0.0017,200,3884.6359
0.6336,0.0000,0.0000,0.0001,0.6322,0.0011,200,3885.2525
0.6325,0.0000,0.0000,0.0000,0.6308,0.0017,200,3885.8860
0.6494,0.0000,0.0000,0.0001,0.6474,0.0019,200,3886.5186
0.6249,0.0000,0.0000,0.0001,0.6241,0.0006,200,3887.1680
0.6264,0.0000,0.0000,0.0000,0.6254,0.0010,200,3887.7928
0.6051,0.0000,0.0000,0.0000,0.6038,0.0013,200,3888.4192
0.6319,0.0000,0.0000,0.0001,0.6301,0.0016,200,3889.0244
0.6342,0.0000,0.0000,0.0001,0.6324,0.0017,200,3889.6562
0.6428,0.0000,0.0000,0.0001,0.6414,0.0013,200,3890.2904
0.6091,0.0000,0.0000,0.0001,0.6074,0.0015,200,3890.9332
0.6180,0.0000,0.0000,0.0001,0.6163,0.0015,200,3891.5423
0.6352,0.0000,0.0000,0.0001,0.6334,0.0017,200,3892.1603
0.6321,0.0000,0.0000,0.0001,0.6304,0.0016,200,3892.7955
0.6108,0.0000,0.0000,0.0001,0.6093,0.0013,200,3893.4276
0.6104,0.0000,0.0000,0.0000,0.6084,0.0019,200,3894.0384
0.6324,0.0000,0.0000,0.0001,0.6306,0.0017,200,3894.6488
0.6666,0.0000,0.0000,0.0001,0.6647,0.0018,200,3895.2811
0.9152,0.0000,0.0000,0.0001,0.9134,0.0016,200,3895.9477
0.6464,0.0000,0.0000,0.0001,0.6452,0.0011,200,3896.8629
0.6177,0.0000,0.0000,0.0000,0.6154,0.0023,200,3897.5093
0.6214,0.0000,0.0000,0.0001,0.6197,0.0016,200,3898.1270
0.6225,0.0000,0.0000,0.0001,0.6209,0.0015,200,3898.7485
0.6322,0.0000,0.0000,0.0001,0.6295,0.0025,200,3899.3710
0.6477,0.0000,0.0000,0.0001,0.6459,0.0015,200,3900.0032
0.6161,0.0000,0.0000,0.0001,0.6141,0.0020,200,3900.6509
0.6135,0.0000,0.0000,0.0001,0.6117,0.0016,200,3901.2671
0.6245,0.0000,0.0000,0.0001,0.6226,0.0016,200,3901.8805
0.6154,0.0000,0.0000,0.0001,0.6141,0.0011,200,3902.5050
0.7165,0.0000,0.0000,0.0000,0.7147,0.0017,200,3903.1204
0.6138,0.0000,0.0000,0.0001,0.6119,0.0018,200,3903.8370
0.6325,0.0000,0.0000,0.0001,0.6315,0.0009,200,3904.4507
0.6093,0.0000,0.0000,0.0001,0.6072,0.0020,200,3905.0832
0.6433,0.0000,0.0000,0.0001,0.6414,0.0016,200,3905.6925
0.6360,0.0000,0.0000,0.0000,0.6345,0.0013,200,3906.3358
0.6398,0.0000,0.0000,0.0001,0.6382,0.0015,200,3906.9718
0.6112,0.0000,0.0000,0.0001,0.6103,0.0007,200,3907.6116
0.6857,0.0000,0.0000,0.0000,0.6839,0.0017,200,3908.2228
0.6175,0.0000,0.0000,0.0002,0.6153,0.0020,200,3908.9085
0.6252,0.0000,0.0000,0.0001,0.6235,0.0016,200,3909.5260
0.6128,0.0000,0.0000,0.0001,0.6112,0.0014,200,3910.1512
0.6327,0.0000,0.0000,0.0001,0.6307,0.0019,200,3910.7640
0.6155,0.0000,0.0000,0.0001,0.6137,0.0017,200,3911.3967
0.6379,0.0000,0.0000,0.0001,0.6367,0.0011,200,3912.0122
0.6263,0.0000,0.0000,0.0000,0.6247,0.0015,200,3912.6501
0.6235,0.0000,0.0000,0.0001,0.6218,0.0015,200,3913.2765
0.6368,0.0000,0.0000,0.0001,0.6349,0.0019,200,3913.9000
0.6277,0.0000,0.0000,0.0001,0.6258,0.0017,200,3914.5368
0.6165,0.0000,0.0000,0.0001,0.6148,0.0015,200,3915.1645
0.6404,0.0000,0.0000,0.0001,0.6388,0.0015,200,3915.7810
0.6762,0.0000,0.0000,0.0001,0.6741,0.0020,200,3916.4214
0.6240,0.0000,0.0000,0.0001,0.6220,0.0019,200,3917.0975
0.6113,0.0000,0.0000,0.0001,0.6096,0.0016,200,3917.7216
0.6211,0.0000,0.0000,0.0001,0.6190,0.0020,200,3918.3329
0.6416,0.0000,0.0000,0.0001,0.6400,0.0015,200,3918.9540
0.6214,0.0000,0.0000,0.0001,0.6196,0.0016,200,3919.5956
0.6531,0.0000,0.0000,0.0001,0.6518,0.0012,200,3920.2170
0.6449,0.0000,0.0000,0.0000,0.6434,0.0014,200,3920.8701
0.6085,0.0000,0.0000,0.0001,0.6070,0.0014,200,3921.5150
0.6340,0.0000,0.0000,0.0001,0.6321,0.0018,200,3922.1235
0.6425,0.0000,0.0000,0.0001,0.6408,0.0016,200,3922.7574
0.6103,0.0000,0.0000,0.0001,0.6090,0.0012,200,3923.3999
0.6117,0.0000,0.0000,0.0000,0.6101,0.0016,200,3924.0102
0.6499,0.0000,0.0000,0.0001,0.6476,0.0021,200,3924.6219
0.6371,0.0000,0.0000,0.0001,0.6355,0.0015,200,3925.2718
0.6369,0.0000,0.0000,0.0001,0.6349,0.0019,200,3925.9089
0.6536,0.0000,0.0000,0.0001,0.6522,0.0013,200,3926.5458
0.6203,0.0000,0.0000,0.0000,0.6187,0.0015,200,3927.1994
0.6106,0.0000,0.0000,0.0001,0.6095,0.0010,200,3927.8197
0.6072,0.0000,0.0000,0.0001,0.6053,0.0019,200,3928.4303
0.6389,0.0000,0.0000,0.0001,0.6372,0.0016,200,3929.0376
0.6231,0.0000,0.0000,0.0001,0.6214,0.0016,200,3929.6765
0.6584,0.0000,0.0000,0.0001,0.6565,0.0017,200,3930.2995
0.6166,0.0000,0.0000,0.0001,0.6143,0.0022,200,3930.9579
0.6257,0.0000,0.0000,0.0001,0.6240,0.0016,200,3931.5745
0.6411,0.0000,0.0000,0.0001,0.6394,0.0016,200,3932.2002
0.6087,0.0000,0.0000,0.0001,0.6068,0.0018,200,3932.8413
0.6117,0.0000,0.0000,0.0001,0.6103,0.0013,200,3933.4501
0.6100,0.0000,0.0000,0.0000,0.6085,0.0015,200,3934.0618
0.6626,0.0000,0.0000,0.0001,0.6610,0.0015,200,3934.6718
0.6122,0.0000,0.0000,0.0001,0.6108,0.0013,200,3935.3344
0.6194,0.0000,0.0000,0.0001,0.6177,0.0016,200,3935.9466
0.6197,0.0000,0.0000,0.0001,0.6176,0.0019,200,3936.5661
0.6201,0.0000,0.0000,0.0001,0.6182,0.0018,200,3937.1857
0.6136,0.0000,0.0000,0.0001,0.6119,0.0015,200,3937.8059
0.7651,0.0000,0.0000,0.0001,0.7636,0.0014,200,3938.4194
0.6204,0.0000,0.0000,0.0001,0.6186,0.0016,200,3939.1846
0.6405,0.0000,0.0000,0.0001,0.6392,0.0011,200,3939.8050
0.6608,0.0000,0.0000,0.0000,0.6589,0.0019,200,3940.4455
0.6296,0.0000,0.0000,0.0001,0.6283,0.0012,200,3941.1063
0.6236,0.0000,0.0000,0.0001,0.6219,0.0015,200,3941.7359
0.6363,0.0000,0.0000,0.0001,0.6348,0.0014,200,3942.3595
0.6270,0.0000,0.0000,0.0001,0.6255,0.0013,200,3942.9958
0.6317,0.0000,0.0000,0.0001,0.6300,0.0016,200,3943.6227
0.6232,0.0000,0.0000,0.0001,0.6215,0.0016,200,3944.2545
0.6204,0.0000,0.0000,0.0001,0.6194,0.0009,200,3944.8777
0.6391,0.0000,0.0000,0.0001,0.6378,0.0012,200,3945.4980
0.6176,0.0000,0.0000,0.0001,0.6164,0.0011,200,3946.1371
0.6645,0.0000,0.0000,0.0000,0.6632,0.0013,200,3946.7547
0.6188,0.0000,0.0000,0.0000,0.6169,0.0018,200,3947.4192
0.6323,0.0000,0.0000,0.0001,0.6315,0.0008,200,3948.0380
0.6442,0.0000,0.0000,0.0000,0.6426,0.0016,200,3948.6704
0.6195,0.0000,0.0000,0.0001,0.6178,0.0015,200,3949.3146
0.6141,0.0000,0.0000,0.0001,0.6124,0.0016,200,3949.9340
0.6514,0.0000,0.0000,0.0001,0.6498,0.0015,200,3950.5482
0.6268,0.0000,0.0000,0.0001,0.6248,0.0018,200,3951.1996
0.6100,0.0000,0.0000,0.0000,0.6078,0.0021,200,3951.8265
0.6381,0.0000,0.0000,0.0002,0.6360,0.0018,200,3952.4364
0.6183,0.0000,0.0000,0.0001,0.6162,0.0019,200,3953.0745
0.5950,0.0000,0.0000,0.0001,0.5935,0.0014,200,3953.6928
0.6171,0.0000,0.0000,0.0001,0.6155,0.0014,200,3954.2879
0.6142,0.0000,0.0000,0.0001,0.6123,0.0018,200,3954.9049
0.6226,0.0000,0.0000,0.0001,0.6208,0.0017,200,3955.5191
0.6660,0.0000,0.0000,0.0001,0.6643,0.0016,200,3956.1417
0.6258,0.0000,0.0000,0.0001,0.6243,0.0014,200,3956.8078
0.6679,0.0000,0.0000,0.0002,0.6658,0.0018,200,3957.4336
0.6583,0.0000,0.0000,0.0001,0.6568,0.0014,200,3958.1015
0.6170,0.0000,0.0000,0.0001,0.6149,0.0020,200,3958.7598
0.6080,0.0000,0.0000,0.0001,0.6061,0.0017,200,3959.3768
0.6482,0.0000,0.0000,0.0001,0.6461,0.0019,200,3959.9848
0.6663,0.0000,0.0000,0.0001,0.6647,0.0015,200,3960.6329
0.6249,0.0000,0.0000,0.0001,0.6240,0.0008,200,3961.2993
0.6479,0.0000,0.0000,0.0000,0.6464,0.0015,200,3961.9242
0.6213,0.0000,0.0000,0.0001,0.6193,0.0019,200,3962.5721
0.6285,0.0000,0.0000,0.0001,0.6271,0.0012,200,3963.1934
0.6423,0.0000,0.0000,0.0000,0.6406,0.0016,200,3963.8219
0.6276,0.0000,0.0000,0.0001,0.6257,0.0018,200,3964.4642
0.6319,0.0000,0.0000,0.0001,0.6302,0.0016,200,3965.0918
0.6327,0.0000,0.0000,0.0001,0.6309,0.0017,200,3965.7238
0.6257,0.0000,0.0000,0.0001,0.6238,0.0017,200,3966.3565
0.6350,0.0000,0.0000,0.0001,0.6328,0.0021,200,3966.9822
0.6618,0.0000,0.0000,0.0001,0.6606,0.0010,200,3967.6172
0.6334,0.0000,0.0000,0.0001,0.6318,0.0016,200,3968.2790
0.6252,0.0000,0.0000,0.0001,0.6233,0.0018,200,3968.9125
0.6295,0.0000,0.0000,0.0001,0.6276,0.0018,200,3969.5377
0.6059,0.0000,0.0000,0.0000,0.6038,0.0020,200,3970.1672
0.6018,0.0000,0.0000,0.0001,0.6001,0.0016,200,3970.7730
0.6416,0.0000,0.0000,0.0001,0.6397,0.0018,200,3971.3748
0.6292,0.0000,0.0000,0.0001,0.6274,0.0017,200,3972.0165
0.6238,0.0000,0.0000,0.0000,0.6219,0.0017,200,3972.6456
0.6104,0.0000,0.0000,0.0001,0.6085,0.0018,200,3973.2694
0.6454,0.0000,0.0000,0.0001,0.6447,0.0005,200,3973.8798
0.6394,0.0000,0.0000,0.0001,0.6378,0.0015,200,3974.5252
0.6232,0.0000,0.0000,0.0003,0.6215,0.0013,200,3975.1646
0.6131,0.0000,0.0000,0.0001,0.6113,0.0017,200,3975.7878
0.6107,0.0000,0.0000,0.0001,0.6095,0.0012,200,3976.4008
0.6262,0.0000,0.0000,0.0001,0.6248,0.0012,200,3977.0116
0.6206,0.0000,0.0000,0.0000,0.6190,0.0016,200,3977.6377
0.6191,0.0000,0.0000,0.0001,0.6182,0.0008,200,3978.2584
0.6269,0.0000,0.0000,0.0000,0.6254,0.0015,200,3978.8774
0.6057,0.0000,0.0000,0.0001,0.6039,0.0015,200,3979.5044
0.6148,0.0000,0.0000,0.0001,0.6129,0.0018,200,3980.1101
0.6216,0.0000,0.0000,0.0001,0.6198,0.0016,200,3980.7249
0.6364,0.0000,0.0000,0.0001,0.6347,0.0016,200,3981.3466
0.6127,0.0000,0.0000,0.0001,0.6110,0.0016,200,3981.9830
0.6309,0.0000,0.0000,0.0001,0.6294,0.0013,200,3982.5956
0.6273,0.0000,0.0000,0.0001,0.6254,0.0018,200,3983.2265
0.6281,0.0000,0.0000,0.0001,0.6260,0.0020,200,3983.8538
0.6028,0.0000,0.0000,0.0001,0.6017,0.0010,200,3984.4819
0.6335,0.0000,0.0000,0.0002,0.6318,0.0015,200,3985.0847
0.6410,0.0000,0.0000,0.0001,0.6396,0.0013,200,3985.7183
0.6278,0.0000,0.0000,0.0001,0.6263,0.0014,200,3986.3593
0.6322,0.0000,0.0000,0.0001,0.6303,0.0017,200,3986.9871
0.6350,0.0000,0.0000,0.0001,0.6333,0.0016,200,3987.6193
0.6369,0.0000,0.0000,0.0000,0.6352,0.0015,200,3988.2543
0.6326,0.0000,0.0000,0.0000,0.6313,0.0012,200,3988.8911
0.6266,0.0000,0.0000,0.0000,0.6249,0.0015,200,3989.5238
0.6231,0.0000,0.0000,0.0001,0.6211,0.0018,200,3990.1503
0.6404,0.0000,0.0000,0.0001,0.6385,0.0018,200,3990.7734
0.6288,0.0000,0.0000,0.0001,0.6271,0.0016,200,3991.4138
0.6472,0.0000,0.0000,0.0001,0.6456,0.0015,200,3992.0426
0.6090,0.0000,0.0000,0.0001,0.6080,0.0008,200,3992.6898
0.6090,0.0000,0.0000,0.0000,0.6075,0.0015,200,3993.2988
0.6381,0.0000,0.0000,0.0001,0.6362,0.0017,200,3993.9078
0.6258,0.0000,0.0000,0.0001,0.6240,0.0016,200,3994.5459
0.6279,0.0000,0.0000,0.0001,0.6262,0.0015,200,3995.1717
0.6203,0.0000,0.0000,0.0001,0.6187,0.0014,200,3995.7995
0.8598,0.0000,0.0000,0.0001,0.8582,0.0015,200,3996.4198
0.6171,0.0000,0.0000,0.0001,0.6154,0.0016,200,3997.2796
0.6233,0.0000,0.0000,0.0001,0.6217,0.0015,200,3997.8967
0.6702,0.0000,0.0000,0.0001,0.6687,0.0014,200,3998.5201
0.6366,0.0000,0.0000,0.0001,0.6347,0.0018,200,3999.1902
0.6158,0.0000,0.0000,0.0001,0.6145,0.0012,200,3999.8268
0.6361,0.0000,0.0000,0.0001,0.6348,0.0012,200,4000.4427
0.6170,0.0000,0.0000,0.0001,0.6151,0.0019,200,4001.0788
0.6278,0.0000,0.0000,0.0001,0.6263,0.0014,200,4001.6958
0.6117,0.0000,0.0000,0.0001,0.6107,0.0008,200,4002.3236
0.6361,0.0000,0.0000,0.0000,0.6344,0.0016,200,4002.9353
0.6091,0.0000,0.0000,0.0001,0.6077,0.0014,200,4003.5714
0.6412,0.0000,0.0000,0.0001,0.6275,0.0134,200,4004.1805
0.6505,0.0000,0.0000,0.0001,0.6486,0.0017,200,4004.8218
0.6033,0.0000,0.0000,0.0001,0.6017,0.0015,200,4005.4723
0.6320,0.0000,0.0000,0.0001,0.6303,0.0016,200,4006.0755
0.6552,0.0000,0.0000,0.0001,0.6543,0.0007,200,4006.7076
0.6340,0.0000,0.0000,0.0001,0.6318,0.0021,200,4007.3628
0.6114,0.0000,0.0000,0.0001,0.6102,0.0011,200,4007.9968
0.8138,0.0000,0.0000,0.0001,0.8121,0.0016,200,4008.6082
0.5913,0.0000,0.0000,0.0001,0.5904,0.0008,200,4009.4220
0.6183,0.0000,0.0000,0.0001,0.6171,0.0011,200,4010.0134
0.6248,0.0000,0.0000,0.0000,0.6231,0.0017,200,4010.6316
0.6456,0.0000,0.0000,0.0005,0.6431,0.0019,200,4011.2565
0.6233,0.0000,0.0000,0.0001,0.6216,0.0015,200,4011.9021
0.6113,0.0000,0.0000,0.0001,0.6093,0.0019,200,4012.5254
0.6266,0.0000,0.0000,0.0001,0.6256,0.0009,200,4013.1367
0.6050,0.0000,0.0000,0.0000,0.6033,0.0016,200,4013.7633
0.6311,0.0000,0.0000,0.0001,0.6296,0.0014,200,4014.3683
0.6429,0.0000,0.0000,0.0001,0.6409,0.0019,200,4014.9995
0.6142,0.0000,0.0000,0.0001,0.6126,0.0015,200,4015.6424
0.6174,0.0000,0.0000,0.0001,0.6157,0.0016,200,4016.2566
0.6228,0.0000,0.0000,0.0001,0.6215,0.0011,200,4016.8740
0.6310,0.0000,0.0000,0.0000,0.6293,0.0016,200,4017.4968
0.6158,0.0000,0.0000,0.0001,0.6143,0.0014,200,4018.1278
0.6171,0.0000,0.0000,0.0001,0.6156,0.0013,200,4018.7436
0.5959,0.0000,0.0000,0.0001,0.5939,0.0019,200,4019.3607
0.6159,0.0000,0.0000,0.0001,0.6133,0.0025,200,4019.9566
0.6516,0.0000,0.0000,0.0002,0.6499,0.0015,200,4020.5726
0.6252,0.0000,0.0000,0.0001,0.6233,0.0017,200,4021.2242
0.6404,0.0000,0.0000,0.0000,0.6384,0.0019,200,4021.8494
0.6300,0.0000,0.0000,0.0001,0.6284,0.0015,200,4022.4899
0.6148,0.0000,0.0000,0.0001,0.6136,0.0011,200,4023.1198
0.6079,0.0000,0.0000,0.0000,0.6066,0.0013,200,4023.7346
0.6276,0.0000,0.0000,0.0001,0.6264,0.0011,200,4024.3426
0.6287,0.0000,0.0000,0.0001,0.6260,0.0026,200,4024.9702
0.6256,0.0000,0.0000,0.0001,0.6239,0.0016,200,4025.5989
0.6240,0.0000,0.0000,0.0001,0.6222,0.0017,200,4026.2244
0.6516,0.0000,0.0000,0.0001,0.6512,0.0002,200,4026.8484
0.6350,0.0000,0.0000,0.0000,0.6333,0.0016,200,4027.5000
0.6420,0.0000,0.0000,0.0001,0.6392,0.0027,200,4028.1349
0.6210,0.0000,0.0000,0.0001,0.6189,0.0020,200,4028.7769
0.6841,0.0000,0.0000,0.0001,0.6827,0.0013,200,4029.3980
0.6582,0.0000,0.0000,0.0001,0.6562,0.0018,200,4030.0821
0.6870,0.0000,0.0000,0.0001,0.6856,0.0013,200,4030.7403
0.6169,0.0000,0.0000,0.0001,0.6152,0.0016,200,4031.4273
0.6293,0.0000,0.0000,0.0000,0.6278,0.0014,200,4032.0441
0.6417,0.0000,0.0000,0.0001,0.6400,0.0016,200,4032.6735
0.6142,0.0000,0.0000,0.0001,0.6124,0.0016,200,4033.3151
0.6344,0.0000,0.0000,0.0001,0.6326,0.0017,200,4033.9293
0.6328,0.0000,0.0000,0.0001,0.6313,0.0015,200,4034.5637
0.6189,0.0000,0.0000,0.0001,0.6172,0.0014,200,4035.1966
0.6391,0.0000,0.0000,0.0001,0.6374,0.0016,200,4035.8155
0.6179,0.0000,0.0000,0.0001,0.6167,0.0011,200,4036.4546
0.6223,0.0000,0.0000,0.0001,0.6213,0.0007,200,4037.0725
0.6248,0.0000,0.0000,0.0000,0.6232,0.0016,200,4037.6948
0.6105,0.0000,0.0000,0.0001,0.6083,0.0020,200,4038.3196
0.6578,0.0000,0.0000,0.0001,0.6565,0.0011,200,4038.9302
0.6534,0.0000,0.0000,0.0001,0.6502,0.0031,200,4039.5880
0.6236,0.0000,0.0000,0.0001,0.6222,0.0013,200,4040.2414
0.6175,0.0000,0.0000,0.0001,0.6165,0.0008,200,4040.8650
0.6458,0.0000,0.0000,0.0000,0.6436,0.0021,200,4041.4825
0.6305,0.0000,0.0000,0.0001,0.6290,0.0014,200,4042.1283
0.6359,0.0000,0.0000,0.0001,0.6342,0.0016,200,4042.7588
0.6201,0.0000,0.0000,0.0001,0.6183,0.0016,200,4043.3947
0.6278,0.0000,0.0000,0.0001,0.6256,0.0021,200,4044.0148
0.6174,0.0000,0.0000,0.0001,0.6159,0.0015,200,4044.6426
0.6224,0.0000,0.0000,0.0001,0.6208,0.0015,200,4045.2601
0.6093,0.0000,0.0000,0.0001,0.6078,0.0014,200,4045.8825
0.6490,0.0000,0.0000,0.0001,0.6465,0.0024,200,4046.4918
0.6493,0.0000,0.0000,0.0000,0.6474,0.0018,200,4047.1408
0.6223,0.0000,0.0000,0.0001,0.6210,0.0012,200,4047.7901
0.6346,0.0000,0.0000,0.0001,0.6326,0.0019,200,4048.4124
0.6057,0.0000,0.0000,0.0001,0.6043,0.0013,200,4049.0470
0.6362,0.0000,0.0000,0.0001,0.6342,0.0019,200,4049.6527
0.6244,0.0000,0.0000,0.0001,0.6227,0.0015,200,4050.2889
0.6108,0.0000,0.0000,0.0001,0.6092,0.0015,200,4050.9132
0.6165,0.0000,0.0000,0.0001,0.6147,0.0017,200,4051.5240
0.6242,0.0000,0.0000,0.0001,0.6220,0.0019,200,4052.1406
0.6410,0.0000,0.0000,0.0001,0.6400,0.0009,200,4052.7648
0.6738,0.0000,0.0000,0.0000,0.6722,0.0016,200,4053.4058
0.6173,0.0000,0.0000,0.0001,0.6158,0.0013,200,4054.0796
0.6207,0.0000,0.0000,0.0001,0.6170,0.0037,200,4054.6969
0.6154,0.0000,0.0000,0.0001,0.6136,0.0016,200,4055.3177
0.6240,0.0000,0.0000,0.0001,0.6223,0.0015,200,4055.9330
0.6559,0.0000,0.0000,0.0001,0.6541,0.0017,200,4056.5570
0.6078,0.0000,0.0000,0.0001,0.6059,0.0019,200,4057.2129
0.6091,0.0000,0.0000,0.0001,0.6075,0.0015,200,4057.8208
0.6333,0.0000,0.0000,0.0001,0.6314,0.0018,200,4058.4299
0.6674,0.0000,0.0000,0.0001,0.6657,0.0016,200,4059.0632
0.6194,0.0000,0.0000,0.0001,0.6173,0.0021,200,4059.7307
0.6045,0.0000,0.0000,0.0000,0.6032,0.0012,200,4060.3501
0.6775,0.0000,0.0000,0.0001,0.6761,0.0013,200,4060.9547
0.6245,0.0000,0.0000,0.0001,0.6224,0.0019,200,4061.6322
0.6374,0.0000,0.0000,0.0001,0.6352,0.0020,200,4062.2566
0.6400,0.0000,0.0000,0.0001,0.6381,0.0016,200,4062.8940
0.6102,0.0000,0.0000,0.0001,0.6083,0.0018,200,4063.5340
0.6220,0.0000,0.0000,0.0001,0.6202,0.0017,200,4064.1442
0.6150,0.0000,0.0000,0.0001,0.6137,0.0011,200,4064.7663
0.6348,0.0000,0.0000,0.0001,0.6318,0.0028,200,4065.3813
0.6340,0.0000,0.0000,0.0001,0.6320,0.0019,200,4066.0160
0.6515,0.0000,0.0000,0.0001,0.6497,0.0017,200,4066.6500
0.6473,0.0000,0.0000,0.0001,0.6454,0.0017,200,4067.3015
0.6310,0.0000,0.0000,0.0001,0.6293,0.0015,200,4067.9488
0.6150,0.0000,0.0000,0.0001,0.6138,0.0011,200,4068.5798
1.2444,0.0000,0.0000,0.0000,1.2427,0.0017,200,4069.1948
0.9194,0.0000,0.0000,0.0001,0.9176,0.0017,200,4070.4392
0.6235,0.0000,0.0000,0.0001,0.6216,0.0018,200,4071.3586
0.6471,0.0000,0.0000,0.0001,0.6444,0.0025,200,4071.9821
0.6299,0.0000,0.0000,0.0000,0.6283,0.0015,200,4072.6292
0.6927,0.0000,0.0000,0.0001,0.6910,0.0016,200,4073.2591
0.6714,0.0000,0.0000,0.0001,0.6697,0.0015,200,4073.9518
0.6289,0.0000,0.0000,0.0001,0.6267,0.0022,200,4074.6231
0.6230,0.0000,0.0000,0.0001,0.6212,0.0017,200,4075.2521
0.6177,0.0000,0.0000,0.0001,0.6160,0.0016,200,4075.8751
0.6157,0.0000,0.0000,0.0001,0.6140,0.0016,200,4076.4928
0.6224,0.0000,0.0000,0.0002,0.6204,0.0017,200,4077.1085
0.6339,0.0000,0.0000,0.0001,0.6321,0.0016,200,4077.7309
0.6172,0.0000,0.0000,0.0001,0.6149,0.0021,200,4078.3648
0.6159,0.0000,0.0000,0.0001,0.6131,0.0026,200,4078.9820
0.6385,0.0000,0.0000,0.0001,0.6366,0.0017,200,4079.5979
0.6385,0.0000,0.0000,0.0001,0.6371,0.0013,200,4080.2364
0.6202,0.0000,0.0000,0.0001,0.6185,0.0016,200,4080.8749
0.6285,0.0000,0.0000,0.0001,0.6268,0.0016,200,4081.4951
0.6134,0.0000,0.0000,0.0001,0.6121,0.0011,200,4082.1236
0.6128,0.0000,0.0000,0.0001,0.6102,0.0025,200,4082.7370
0.6312,0.0000,0.0000,0.0001,0.6289,0.0022,200,4083.3498
0.6589,0.0000,0.0000,0.0001,0.6573,0.0015,200,4083.9810
0.6447,0.0000,0.0000,0.0001,0.6426,0.0019,200,4084.6399
0.6378,0.0000,0.0000,0.0001,0.6361,0.0017,200,4085.2846
0.6274,0.0000,0.0000,0.0001,0.6254,0.0019,200,4085.9224
0.6247,0.0000,0.0000,0.0001,0.6229,0.0017,200,4086.5498
0.6208,0.0000,0.0000,0.0001,0.6194,0.0013,200,4087.1746
0.6365,0.0000,0.0000,0.0000,0.6348,0.0016,200,4087.7954
0.6435,0.0000,0.0000,0.0001,0.6416,0.0019,200,4088.4318
0.6207,0.0000,0.0000,0.0001,0.6186,0.0020,200,4089.0754
0.6247,0.0000,0.0000,0.0001,0.6227,0.0019,200,4089.6961
0.7031,0.0000,0.0000,0.0001,0.7014,0.0016,200,4090.3208
0.6170,0.0000,0.0000,0.0002,0.6151,0.0017,200,4091.0239
0.6126,0.0000,0.0000,0.0001,0.6106,0.0019,200,4091.6409
0.6225,0.0000,0.0000,0.0001,0.6209,0.0014,200,4092.2534
0.6351,0.0000,0.0000,0.0001,0.6335,0.0015,200,4092.8759
0.6220,0.0000,0.0000,0.0001,0.6197,0.0022,200,4093.5110
0.6500,0.0000,0.0000,0.0001,0.6481,0.0017,200,4094.1330
0.6694,0.0000,0.0000,0.0001,0.6674,0.0019,200,4094.7830
0.6266,0.0000,0.0000,0.0001,0.6247,0.0018,200,4095.4524
0.6154,0.0000,0.0000,0.0001,0.6134,0.0019,200,4096.0791
0.6704,0.0000,0.0000,0.0001,0.6684,0.0018,200,4096.6944
0.6226,0.0000,0.0000,0.0001,0.6205,0.0019,200,4097.3648
0.6565,0.0000,0.0000,0.0001,0.6544,0.0019,200,4097.9874
0.6168,0.0000,0.0000,0.0001,0.6152,0.0014,200,4098.6439
0.6359,0.0000,0.0000,0.0001,0.6342,0.0015,200,4099.2607
0.6273,0.0000,0.0000,0.0001,0.6263,0.0008,200,4099.8966
0.6992,0.0000,0.0000,0.0000,0.6977,0.0015,200,4100.5239
0.6209,0.0000,0.0000,0.0001,0.6194,0.0013,200,4101.2231
0.6272,0.0000,0.0000,0.0000,0.6254,0.0017,200,4101.8440
0.6160,0.0000,0.0000,0.0001,0.6144,0.0015,200,4102.4712
0.6253,0.0000,0.0000,0.0001,0.6237,0.0016,200,4103.0872
0.6001,0.0000,0.0000,0.0001,0.5988,0.0011,200,4103.7125
0.6597,0.0000,0.0000,0.0001,0.6582,0.0015,200,4104.3127
0.6292,0.0000,0.0000,0.0001,0.6273,0.0017,200,4104.9724
0.6413,0.0000,0.0000,0.0001,0.6399,0.0014,200,4105.6016
0.6372,0.0000,0.0000,0.0001,0.6357,0.0014,200,4106.2429
0.6194,0.0000,0.0000,0.0001,0.6182,0.0011,200,4106.8801
0.6383,0.0000,0.0000,0.0000,0.6362,0.0020,200,4107.4995
0.6199,0.0000,0.0000,0.0001,0.6182,0.0016,200,4108.1379
0.6248,0.0000,0.0000,0.0001,0.6237,0.0010,200,4108.7578
0.6241,0.0000,0.0000,0.0000,0.6221,0.0019,200,4109.3826
0.6280,0.0000,0.0000,0.0001,0.6262,0.0017,200,4110.0066
0.6398,0.0000,0.0000,0.0001,0.6388,0.0009,200,4110.6347
0.6616,0.0000,0.0000,0.0001,0.6595,0.0019,200,4111.2745
0.6336,0.0000,0.0000,0.0001,0.6316,0.0018,200,4111.9360
0.6140,0.0000,0.0000,0.0001,0.6124,0.0015,200,4112.5696
0.6393,0.0000,0.0000,0.0001,0.6375,0.0017,200,4113.1837
0.6431,0.0000,0.0000,0.0001,0.6410,0.0020,200,4113.8230
0.6202,0.0000,0.0000,0.0001,0.6182,0.0018,200,4114.4661
0.6218,0.0000,0.0000,0.0001,0.6204,0.0014,200,4115.0863
0.6175,0.0000,0.0000,0.0001,0.6160,0.0012,200,4115.7082
0.6075,0.0000,0.0000,0.0001,0.6056,0.0018,200,4116.3257
0.6412,0.0000,0.0000,0.0001,0.6393,0.0018,200,4116.9332
0.6277,0.0000,0.0000,0.0001,0.6263,0.0014,200,4117.5744
0.6470,0.0000,0.0000,0.0001,0.6452,0.0017,200,4118.2021
0.6437,0.0000,0.0000,0.0001,0.6424,0.0012,200,4118.8492
0.6279,0.0000,0.0000,0.0000,0.6260,0.0019,200,4119.4929
0.6283,0.0000,0.0000,0.0001,0.6265,0.0016,200,4120.1209
0.6367,0.0000,0.0000,0.0001,0.6348,0.0018,200,4120.7492
0.6438,0.0000,0.0000,0.0001,0.6419,0.0018,200,4121.3858
0.6186,0.0000,0.0000,0.0001,0.6170,0.0015,200,4122.0297
0.6239,0.0000,0.0000,0.0001,0.6222,0.0016,200,4122.6483
0.6359,0.0000,0.0000,0.0001,0.6344,0.0013,200,4123.2722
0.6323,0.0000,0.0000,0.0001,0.6306,0.0016,200,4123.9080
0.6563,0.0000,0.0000,0.0001,0.6546,0.0015,200,4124.5403
0.6530,0.0000,0.0000,0.0001,0.6512,0.0016,200,4125.1966
0.6179,0.0000,0.0000,0.0000,0.6164,0.0015,200,4125.8496
0.6306,0.0000,0.0000,0.0001,0.6287,0.0018,200,4126.4675
0.6143,0.0000,0.0000,0.0001,0.6126,0.0016,200,4127.0981
0.6150,0.0000,0.0000,0.0001,0.6135,0.0014,200,4127.7124
0.6329,0.0000,0.0000,0.0001,0.6310,0.0018,200,4128.3274
0.6211,0.0000,0.0000,0.0001,0.6192,0.0018,200,4128.9603
0.6191,0.0000,0.0000,0.0001,0.6172,0.0019,200,4129.5815
0.6143,0.0000,0.0000,0.0001,0.6124,0.0018,200,4130.2007
0.6230,0.0000,0.0000,0.0002,0.6208,0.0017,200,4130.8150
0.6259,0.0000,0.0000,0.0001,0.6242,0.0015,200,4131.4380
0.6028,0.0000,0.0000,0.0001,0.6011,0.0016,200,4132.0639
0.6287,0.0000,0.0000,0.0001,0.6267,0.0019,200,4132.6667
0.6283,0.0000,0.0000,0.0001,0.6265,0.0017,200,4133.2954
0.6280,0.0000,0.0000,0.0001,0.6260,0.0017,200,4133.9237
0.6062,0.0000,0.0000,0.0001,0.6044,0.0016,200,4134.5516
0.6416,0.0000,0.0000,0.0001,0.6400,0.0014,200,4135.1579
0.6171,0.0000,0.0000,0.0001,0.6152,0.0018,200,4135.7994
0.6046,0.0000,0.0000,0.0001,0.6030,0.0013,200,4136.4166
0.6305,0.0000,0.0000,0.0001,0.6289,0.0014,200,4137.0212
0.6285,0.0000,0.0000,0.0001,0.6267,0.0016,200,4137.6517
0.6356,0.0000,0.0000,0.0001,0.6337,0.0018,200,4138.2802
0.6367,0.0000,0.0000,0.0001,0.6358,0.0006,200,4138.9158
0.6178,0.0000,0.0000,0.0000,0.6154,0.0023,200,4139.5525
0.6078,0.0000,0.0000,0.0001,0.6061,0.0014,200,4140.1702
0.6096,0.0000,0.0000,0.0001,0.6078,0.0017,200,4140.7780
0.6520,0.0000,0.0000,0.0001,0.6505,0.0014,200,4141.3876
0.6593,0.0000,0.0000,0.0001,0.6573,0.0018,200,4142.0397
0.6229,0.0000,0.0000,0.0001,0.6210,0.0018,200,4142.6989
0.6102,0.0000,0.0000,0.0001,0.6083,0.0017,200,4143.3219
0.6121,0.0000,0.0000,0.0001,0.6103,0.0017,200,4143.9321
0.6506,0.0000,0.0000,0.0001,0.6486,0.0018,200,4144.5442
0.6282,0.0000,0.0000,0.0001,0.6266,0.0015,200,4145.1947
0.6234,0.0000,0.0000,0.0001,0.6216,0.0016,200,4145.8229
0.6453,0.0000,0.0000,0.0001,0.6438,0.0012,200,4146.4463
0.6305,0.0000,0.0000,0.0001,0.6285,0.0018,200,4147.0916
0.5987,0.0000,0.0000,0.0001,0.5967,0.0018,200,4147.7221
0.6081,0.0000,0.0000,0.0001,0.6063,0.0016,200,4148.3208
0.6198,0.0000,0.0000,0.0001,0.6188,0.0008,200,4148.9289
0.6158,0.0000,0.0000,0.0000,0.6142,0.0015,200,4149.5487
0.6411,0.0000,0.0000,0.0001,0.6394,0.0015,200,4150.1646
0.6229,0.0000,0.0000,0.0001,0.6213,0.0014,200,4150.8056
0.6288,0.0000,0.0000,0.0001,0.6269,0.0017,200,4151.4285
0.6383,0.0000,0.0000,0.0001,0.6366,0.0016,200,4152.0573
0.6416,0.0000,0.0000,0.0001,0.6399,0.0015,200,4152.6956
0.6206,0.0000,0.0000,0.0001,0.6188,0.0016,200,4153.3372
0.6595,0.0000,0.0000,0.0001,0.6584,0.0010,200,4153.9578
0.6092,0.0000,0.0000,0.0000,0.6074,0.0018,200,4154.6173
0.6081,0.0000,0.0000,0.0001,0.6060,0.0020,200,4155.2265
0.6206,0.0000,0.0000,0.0001,0.6191,0.0014,200,4155.8346
0.6222,0.0000,0.0000,0.0001,0.6206,0.0015,200,4156.4553
0.6483,0.0000,0.0000,0.0001,0.6460,0.0021,200,4157.0775
0.6334,0.0000,0.0000,0.0001,0.6316,0.0017,200,4157.7257
0.6633,0.0000,0.0000,0.0001,0.6619,0.0012,200,4158.3592
0.6411,0.0000,0.0000,0.0001,0.6402,0.0007,200,4159.0224
0.6643,0.0000,0.0000,0.0000,0.6626,0.0016,200,4159.6635
0.6203,0.0000,0.0000,0.0001,0.6186,0.0017,200,4160.3278
0.6427,0.0000,0.0000,0.0001,0.6411,0.0015,200,4160.9482
0.6478,0.0000,0.0000,0.0001,0.6457,0.0019,200,4161.5909
0.6152,0.0000,0.0000,0.0001,0.6137,0.0014,200,4162.2387
0.6293,0.0000,0.0000,0.0001,0.6276,0.0016,200,4162.8539
0.6244,0.0000,0.0000,0.0001,0.6225,0.0018,200,4163.4833
0.6334,0.0000,0.0000,0.0001,0.6315,0.0017,200,4164.1077
0.6145,0.0000,0.0000,0.0001,0.6124,0.0019,200,4164.7411
0.6367,0.0000,0.0000,0.0002,0.6349,0.0016,200,4165.3556
0.6387,0.0000,0.0000,0.0001,0.6369,0.0016,200,4165.9923
0.6640,0.0000,0.0000,0.0001,0.6622,0.0017,200,4166.6310
0.6192,0.0000,0.0000,0.0001,0.6174,0.0017,200,4167.2950
0.6253,0.0000,0.0000,0.0001,0.6238,0.0014,200,4167.9142
0.6129,0.0000,0.0000,0.0001,0.6115,0.0013,200,4168.5395
0.6102,0.0000,0.0000,0.0001,0.6090,0.0011,200,4169.1524
0.6010,0.0000,0.0000,0.0000,0.5994,0.0015,200,4169.7626
0.6242,0.0000,0.0000,0.0001,0.6230,0.0011,200,4170.3636
0.6089,0.0000,0.0000,0.0001,0.6069,0.0019,200,4170.9878
0.6460,0.0000,0.0000,0.0001,0.6439,0.0019,200,4171.5967
0.6176,0.0000,0.0000,0.0001,0.6160,0.0015,200,4172.2427
0.6582,0.0000,0.0000,0.0001,0.6538,0.0044,200,4172.8603
0.6177,0.0000,0.0000,0.0001,0.6157,0.0018,200,4173.5185
0.6161,0.0000,0.0000,0.0001,0.6143,0.0018,200,4174.1363
0.6186,0.0000,0.0000,0.0001,0.6170,0.0015,200,4174.7524
0.6264,0.0000,0.0000,0.0001,0.6245,0.0018,200,4175.3710
0.6222,0.0000,0.0000,0.0001,0.6203,0.0017,200,4175.9974
0.6446,0.0000,0.0000,0.0001,0.6427,0.0017,200,4176.6196
0.6205,0.0000,0.0000,0.0001,0.6185,0.0019,200,4177.2642
0.6323,0.0000,0.0000,0.0001,0.6304,0.0018,200,4177.8848
0.6264,0.0000,0.0000,0.0001,0.6245,0.0018,200,4178.5171
0.6243,0.0000,0.0000,0.0001,0.6226,0.0015,200,4179.1435
0.5956,0.0000,0.0000,0.0001,0.5939,0.0016,200,4179.7679
0.6243,0.0000,0.0000,0.0001,0.6225,0.0017,200,4180.3635
0.6561,0.0000,0.0000,0.0001,0.6542,0.0018,200,4180.9878
0.6369,0.0000,0.0000,0.0001,0.6352,0.0016,200,4181.6439
0.6063,0.0000,0.0000,0.0001,0.6053,0.0009,200,4182.2810
0.6504,0.0000,0.0000,0.0001,0.6490,0.0012,200,4182.8874
0.6434,0.0000,0.0000,0.0001,0.6415,0.0018,200,4183.5378
0.6368,0.0000,0.0000,0.0001,0.6346,0.0020,200,4184.1812
0.6573,0.0000,0.0000,0.0001,0.6550,0.0022,200,4184.8180
0.6401,0.0000,0.0000,0.0001,0.6383,0.0016,200,4185.4753
0.6111,0.0000,0.0000,0.0001,0.6100,0.0010,200,4186.1154
0.6432,0.0000,0.0000,0.0001,0.6413,0.0018,200,4186.7265
0.6080,0.0000,0.0000,0.0001,0.6061,0.0018,200,4187.3697
0.6277,0.0000,0.0000,0.0001,0.6189,0.0086,200,4187.9777
0.6227,0.0000,0.0000,0.0001,0.6211,0.0015,200,4188.6054
0.6285,0.0000,0.0000,0.0001,0.6265,0.0017,200,4189.2280
0.6433,0.0000,0.0000,0.0003,0.6416,0.0013,200,4189.8565
0.6436,0.0000,0.0000,0.0001,0.6420,0.0015,200,4190.4999
0.6089,0.0000,0.0000,0.0001,0.6068,0.0018,200,4191.1434
0.6272,0.0000,0.0000,0.0001,0.6254,0.0017,200,4191.7523
0.6494,0.0000,0.0000,0.0001,0.6477,0.0016,200,4192.3795
0.6850,0.0000,0.0000,0.0001,0.6794,0.0055,200,4193.0290
0.6110,0.0000,0.0000,0.0001,0.6093,0.0015,200,4193.7139
0.6068,0.0000,0.0000,0.0001,0.6052,0.0015,200,4194.3249
0.6291,0.0000,0.0000,0.0001,0.6273,0.0016,200,4194.9317
0.6120,0.0000,0.0000,0.0001,0.6103,0.0016,200,4195.5608
0.6170,0.0000,0.0000,0.0001,0.6155,0.0014,200,4196.1728
0.6355,0.0000,0.0000,0.0001,0.6336,0.0018,200,4196.7898
0.6836,0.0000,0.0000,0.0001,0.6821,0.0014,200,4197.4253
0.6064,0.0000,0.0000,0.0000,0.6047,0.0016,200,4198.1089
0.6133,0.0000,0.0000,0.0001,0.6114,0.0018,200,4198.7154
0.6062,0.0000,0.0000,0.0001,0.6043,0.0017,200,4199.3287
0.6309,0.0000,0.0000,0.0001,0.6296,0.0011,200,4199.9349
0.6268,0.0000,0.0000,0.0000,0.6250,0.0017,200,4200.5658
0.6333,0.0000,0.0000,0.0001,0.6314,0.0015,200,4201.1926
0.6019,0.0000,0.0000,0.0000,0.6003,0.0015,200,4201.8259
0.6340,0.0000,0.0000,0.0001,0.6321,0.0018,200,4202.4278
0.6206,0.0000,0.0000,0.0001,0.6191,0.0015,200,4203.0618
0.6215,0.0000,0.0000,0.0001,0.6196,0.0017,200,4203.6825
0.6521,0.0000,0.0000,0.0001,0.6506,0.0015,200,4204.3039
0.6253,0.0000,0.0000,0.0001,0.6236,0.0015,200,4204.9561
0.6407,0.0000,0.0000,0.0001,0.6389,0.0017,200,4205.5813
0.6545,0.0000,0.0000,0.0001,0.6526,0.0017,200,4206.2221
0.6376,0.0000,0.0000,0.0001,0.6359,0.0015,200,4206.8765
0.6187,0.0000,0.0000,0.0001,0.6168,0.0018,200,4207.5142
0.6172,0.0000,0.0000,0.0001,0.6156,0.0015,200,4208.1328
0.6613,0.0000,0.0000,0.0001,0.6594,0.0018,200,4208.7500
0.6114,0.0000,0.0000,0.0001,0.6095,0.0018,200,4209.4114
0.6525,0.0000,0.0000,0.0001,0.6515,0.0009,200,4210.0228
0.6274,0.0000,0.0000,0.0000,0.6255,0.0018,200,4210.6753
0.6410,0.0000,0.0000,0.0001,0.6392,0.0017,200,4211.3027
0.6328,0.0000,0.0000,0.0001,0.6308,0.0018,200,4211.9437
0.6265,0.0000,0.0000,0.0001,0.6248,0.0016,200,4212.5765
0.6142,0.0000,0.0000,0.0001,0.6125,0.0015,200,4213.2030
0.6559,0.0000,0.0000,0.0001,0.6544,0.0013,200,4213.8171
0.6300,0.0000,0.0000,0.0001,0.6285,0.0014,200,4214.4730
0.6194,0.0000,0.0000,0.0001,0.6183,0.0009,200,4215.1030
0.6159,0.0000,0.0000,0.0001,0.6142,0.0016,200,4215.7224
0.6133,0.0000,0.0000,0.0001,0.6112,0.0020,200,4216.3383
0.6397,0.0000,0.0000,0.0001,0.6384,0.0012,200,4216.9516
0.6313,0.0000,0.0000,0.0001,0.6293,0.0018,200,4217.5913
0.6068,0.0000,0.0000,0.0001,0.6047,0.0020,200,4218.2226
0.6224,0.0000,0.0000,0.0001,0.6207,0.0016,200,4218.8294
0.6023,0.0000,0.0000,0.0001,0.6006,0.0016,200,4219.4518
0.6200,0.0000,0.0000,0.0001,0.6182,0.0016,200,4220.0542
0.6381,0.0000,0.0000,0.0001,0.6369,0.0010,200,4220.6741
0.6077,0.0000,0.0000,0.0001,0.6053,0.0023,200,4221.3122
0.6492,0.0000,0.0000,0.0001,0.6475,0.0016,200,4221.9199
0.6307,0.0000,0.0000,0.0001,0.6291,0.0015,200,4222.5691
0.6156,0.0000,0.0000,0.0001,0.6139,0.0016,200,4223.1998
0.6354,0.0000,0.0000,0.0001,0.6338,0.0014,200,4223.8155
0.6175,0.0000,0.0000,0.0001,0.6158,0.0016,200,4224.4508
0.6395,0.0000,0.0000,0.0001,0.6379,0.0014,200,4225.0683
0.6372,0.0000,0.0000,0.0001,0.6356,0.0015,200,4225.7078
0.6215,0.0000,0.0000,0.0001,0.6200,0.0014,200,4226.3450
0.6112,0.0000,0.0000,0.0000,0.6099,0.0012,200,4226.9666
0.6487,0.0000,0.0000,0.0000,0.6471,0.0015,200,4227.5778
0.6334,0.0000,0.0000,0.0001,0.6321,0.0012,200,4228.2265
0.6245,0.0000,0.0000,0.0001,0.6229,0.0014,200,4228.8599
0.6109,0.0000,0.0000,0.0001,0.6089,0.0019,200,4229.4844
0.6247,0.0000,0.0000,0.0001,0.6233,0.0012,200,4230.0954
0.6275,0.0000,0.0000,0.0001,0.6268,0.0006,200,4230.7201
0.6016,0.0000,0.0000,0.0000,0.5999,0.0017,200,4231.3476
0.6062,0.0000,0.0000,0.0001,0.6044,0.0017,200,4231.9492
0.6085,0.0000,0.0000,0.0001,0.6070,0.0015,200,4232.5554
0.6404,0.0000,0.0000,0.0001,0.6389,0.0014,200,4233.1640
0.6366,0.0000,0.0000,0.0002,0.6344,0.0019,200,4233.8044
0.6191,0.0000,0.0000,0.0001,0.6176,0.0015,200,4234.4410
0.6355,0.0000,0.0000,0.0001,0.6333,0.0020,200,4235.0601
0.6326,0.0000,0.0000,0.0001,0.6306,0.0018,200,4235.6956
0.6152,0.0000,0.0000,0.0001,0.6119,0.0032,200,4236.3282
0.6403,0.0000,0.0000,0.0001,0.6383,0.0018,200,4236.9434
0.6481,0.0000,0.0000,0.0001,0.6459,0.0021,200,4237.5837
0.6366,0.0000,0.0000,0.0001,0.6313,0.0051,200,4238.2318
0.6736,0.0000,0.0000,0.0000,0.6720,0.0014,200,4238.8684
0.6797,0.0000,0.0000,0.0001,0.6779,0.0017,200,4239.5420
0.6177,0.0000,0.0000,0.0000,0.6159,0.0017,200,4240.2217
0.6314,0.0000,0.0000,0.0001,0.6297,0.0016,200,4240.8394
0.6117,0.0000,0.0000,0.0001,0.6103,0.0014,200,4241.4708
0.6420,0.0000,0.0000,0.0001,0.6392,0.0027,200,4242.0825
0.6588,0.0000,0.0000,0.0001,0.6569,0.0018,200,4242.7247
0.6279,0.0000,0.0000,0.0000,0.6258,0.0020,200,4243.3835
0.6417,0.0000,0.0000,0.0001,0.6406,0.0010,200,4244.0114
0.6336,0.0000,0.0000,0.0000,0.6320,0.0016,200,4244.6531
0.6173,0.0000,0.0000,0.0001,0.6154,0.0018,200,4245.2867
0.6647,0.0000,0.0000,0.0001,0.6631,0.0015,200,4245.9040
0.6635,0.0000,0.0000,0.0001,0.6619,0.0015,200,4246.5687
0.6091,0.0000,0.0000,0.0001,0.6075,0.0015,200,4247.2322
0.6503,0.0000,0.0000,0.0001,0.6487,0.0015,200,4247.8413
0.6257,0.0000,0.0000,0.0001,0.6243,0.0012,200,4248.4916
0.6327,0.0000,0.0000,0.0001,0.6315,0.0011,200,4249.1173
0.6053,0.0000,0.0000,0.0001,0.6038,0.0014,200,4249.7499
0.6339,0.0000,0.0000,0.0001,0.6321,0.0017,200,4250.3552
0.6523,0.0000,0.0000,0.0001,0.6504,0.0017,200,4250.9891
0.6421,0.0000,0.0000,0.0001,0.6402,0.0017,200,4251.6414
0.6437,0.0000,0.0000,0.0001,0.6419,0.0017,200,4252.2835
0.6279,0.0000,0.0000,0.0001,0.6262,0.0016,200,4252.9272
0.6236,0.0000,0.0000,0.0001,0.6219,0.0016,200,4253.5551
0.6408,0.0000,0.0000,0.0001,0.6390,0.0016,200,4254.1786
0.6870,0.0000,0.0000,0.0001,0.6852,0.0017,200,4254.8194
0.6818,0.0000,0.0000,0.0001,0.6800,0.0017,200,4255.5065
0.6333,0.0000,0.0000,0.0001,0.6308,0.0023,200,4256.1883
0.6501,0.0000,0.0000,0.0001,0.6486,0.0013,200,4256.8216
0.6401,0.0000,0.0000,0.0001,0.6382,0.0018,200,4257.4717
0.6432,0.0000,0.0000,0.0001,0.6415,0.0017,200,4258.1119
0.6233,0.0000,0.0000,0.0001,0.6216,0.0016,200,4258.7551
0.6301,0.0000,0.0000,0.0001,0.6281,0.0017,200,4259.3785
0.6140,0.0000,0.0000,0.0002,0.6126,0.0012,200,4260.0085
0.6594,0.0000,0.0000,0.0000,0.6587,0.0007,200,4260.6225
0.6275,0.0000,0.0000,0.0000,0.6257,0.0017,200,4261.2820
0.6250,0.0000,0.0000,0.0001,0.6232,0.0016,200,4261.9095
0.5988,0.0000,0.0000,0.0001,0.5973,0.0014,200,4262.5344
0.6241,0.0000,0.0000,0.0001,0.6234,0.0004,200,4263.1332
0.6544,0.0000,0.0000,0.0001,0.6524,0.0019,200,4263.7573
0.6693,0.0000,0.0000,0.0002,0.6681,0.0010,200,4264.4117
0.6447,0.0000,0.0000,0.0001,0.6426,0.0020,200,4265.0810
0.6645,0.0000,0.0000,0.0001,0.6630,0.0013,200,4265.7257
0.6380,0.0000,0.0000,0.0001,0.6359,0.0020,200,4266.3902
0.6200,0.0000,0.0000,0.0001,0.6182,0.0015,200,4267.0282
0.6178,0.0000,0.0000,0.0001,0.6159,0.0018,200,4267.6482
0.6208,0.0000,0.0000,0.0001,0.6195,0.0012,200,4268.2660
0.6255,0.0000,0.0000,0.0000,0.6239,0.0015,200,4268.8869
0.6400,0.0000,0.0000,0.0001,0.6391,0.0008,200,4269.5124
0.6119,0.0000,0.0000,0.0000,0.6106,0.0013,200,4270.1524
0.6325,0.0000,0.0000,0.0000,0.6310,0.0013,200,4270.7643
0.6352,0.0000,0.0000,0.0001,0.6334,0.0016,200,4271.3968
0.6335,0.0000,0.0000,0.0001,0.6315,0.0019,200,4272.0319
0.6158,0.0000,0.0000,0.0001,0.6143,0.0014,200,4272.6654
0.6185,0.0000,0.0000,0.0001,0.6169,0.0015,200,4273.2812
0.6079,0.0000,0.0000,0.0001,0.6058,0.0019,200,4273.8997
0.6158,0.0000,0.0000,0.0001,0.6135,0.0021,200,4274.5076
0.6962,0.0000,0.0000,0.0001,0.6959,0.0002,200,4275.1234
0.6150,0.0000,0.0000,0.0001,0.6130,0.0018,200,4275.8196
0.6185,0.0000,0.0000,0.0001,0.6167,0.0016,200,4276.4345
0.6285,0.0000,0.0000,0.0001,0.6266,0.0017,200,4277.0530
0.6447,0.0000,0.0000,0.0001,0.6429,0.0016,200,4277.6815
0.6171,0.0000,0.0000,0.0001,0.6147,0.0023,200,4278.3262
0.6720,0.0000,0.0000,0.0001,0.6705,0.0014,200,4278.9433
0.6294,0.0000,0.0000,0.0001,0.6274,0.0019,200,4279.6153
0.6216,0.0000,0.0000,0.0001,0.6202,0.0014,200,4280.2448
0.6160,0.0000,0.0000,0.0000,0.6143,0.0017,200,4280.8664
0.6389,0.0000,0.0000,0.0001,0.6369,0.0019,200,4281.4825
0.6258,0.0000,0.0000,0.0001,0.6240,0.0017,200,4282.1214
0.6088,0.0000,0.0000,0.0001,0.6070,0.0016,200,4282.7472
0.6176,0.0000,0.0000,0.0001,0.6161,0.0014,200,4283.3560
0.6120,0.0000,0.0000,0.0000,0.6105,0.0015,200,4283.9736
0.6107,0.0000,0.0000,0.0000,0.6093,0.0013,200,4284.5856
0.6354,0.0000,0.0000,0.0001,0.6337,0.0017,200,4285.1963
0.5984,0.0000,0.0000,0.0002,0.5972,0.0009,200,4285.8317
0.6086,0.0000,0.0000,0.0000,0.6068,0.0018,200,4286.4302
0.6315,0.0000,0.0000,0.0001,0.6301,0.0013,200,4287.0388
0.6655,0.0000,0.0000,0.0001,0.6635,0.0019,200,4287.6703
0.6347,0.0000,0.0000,0.0001,0.6327,0.0019,200,4288.3359
0.6220,0.0000,0.0000,0.0001,0.6203,0.0016,200,4288.9706
0.6238,0.0000,0.0000,0.0001,0.6221,0.0014,200,4289.5925
0.6194,0.0000,0.0000,0.0001,0.6179,0.0014,200,4290.2163
0.6482,0.0000,0.0000,0.0001,0.6465,0.0015,200,4290.8357
0.6319,0.0000,0.0000,0.0000,0.6304,0.0013,200,4291.4839
0.6208,0.0000,0.0000,0.0001,0.6188,0.0019,200,4292.1157
0.6282,0.0000,0.0000,0.0001,0.6261,0.0018,200,4292.7366
0.6202,0.0000,0.0000,0.0001,0.6185,0.0016,200,4293.3647
0.6270,0.0000,0.0000,0.0001,0.6253,0.0015,200,4293.9849
0.6046,0.0000,0.0000,0.0001,0.6029,0.0016,200,4294.6119
0.6207,0.0000,0.0000,0.0001,0.6193,0.0012,200,4295.2164
0.6334,0.0000,0.0000,0.0001,0.6318,0.0015,200,4295.8371
0.6358,0.0000,0.0000,0.0001,0.6341,0.0015,200,4296.4705
0.6409,0.0000,0.0000,0.0001,0.6390,0.0018,200,4297.1063
0.6606,0.0000,0.0000,0.0001,0.6583,0.0022,200,4297.7472
0.6280,0.0000,0.0000,0.0001,0.6263,0.0016,200,4298.4078
0.6591,0.0000,0.0000,0.0001,0.6572,0.0018,200,4299.0358
0.6247,0.0000,0.0000,0.0001,0.6228,0.0019,200,4299.6949
0.6336,0.0000,0.0000,0.0001,0.6318,0.0016,200,4300.3197
0.6180,0.0000,0.0000,0.0001,0.6162,0.0016,200,4300.9533
0.6192,0.0000,0.0000,0.0001,0.6175,0.0016,200,4301.5713
0.6334,0.0000,0.0000,0.0001,0.6330,0.0003,200,4302.1905
0.6241,0.0000,0.0000,0.0001,0.6222,0.0018,200,4302.8238
0.6066,0.0000,0.0000,0.0001,0.6049,0.0016,200,4303.4479
0.6243,0.0000,0.0000,0.0001,0.6223,0.0019,200,4304.0545
0.6281,0.0000,0.0000,0.0001,0.6268,0.0012,200,4304.6787
0.6458,0.0000,0.0000,0.0001,0.6440,0.0016,200,4305.3068
0.6992,0.0000,0.0000,0.0001,0.6975,0.0016,200,4305.9526
0.6359,0.0000,0.0000,0.0001,0.6342,0.0015,200,4306.6518
0.6215,0.0000,0.0000,0.0001,0.6198,0.0016,200,4307.2877
0.6342,0.0000,0.0000,0.0001,0.6325,0.0016,200,4307.9093
0.6287,0.0000,0.0000,0.0001,0.6270,0.0016,200,4308.5435
0.6428,0.0000,0.0000,0.0001,0.6411,0.0016,200,4309.1722
0.6127,0.0000,0.0000,0.0001,0.6119,0.0007,200,4309.8150
0.6331,0.0000,0.0000,0.0000,0.6311,0.0020,200,4310.4276
0.6161,0.0000,0.0000,0.0001,0.6143,0.0018,200,4311.0608
0.6310,0.0000,0.0000,0.0001,0.6295,0.0014,200,4311.6769
0.6260,0.0000,0.0000,0.0000,0.6243,0.0016,200,4312.3079
0.6228,0.0000,0.0000,0.0001,0.6204,0.0023,200,4312.9339
0.6329,0.0000,0.0000,0.0007,0.6317,0.0004,200,4313.5568
0.6253,0.0000,0.0000,0.0001,0.6238,0.0014,200,4314.1897
0.6474,0.0000,0.0000,0.0001,0.6453,0.0018,200,4314.8150
0.6271,0.0000,0.0000,0.0001,0.6254,0.0016,200,4315.4624
0.6664,0.0000,0.0000,0.0001,0.6646,0.0017,200,4316.0895
0.6465,0.0000,0.0000,0.0001,0.6455,0.0009,200,4316.7558
0.6464,0.0000,0.0000,0.0001,0.6447,0.0016,200,4317.4024
0.6236,0.0000,0.0000,0.0001,0.6214,0.0021,200,4318.0488
0.6554,0.0000,0.0000,0.0001,0.6534,0.0019,200,4318.6724
0.6227,0.0000,0.0000,0.0002,0.6191,0.0034,200,4319.3278
0.6568,0.0000,0.0000,0.0001,0.6554,0.0013,200,4319.9506
0.6334,0.0000,0.0000,0.0001,0.6325,0.0007,200,4320.6074
0.6279,0.0000,0.0000,0.0000,0.6262,0.0017,200,4321.2408
0.6203,0.0000,0.0000,0.0001,0.6185,0.0017,200,4321.8687
0.6435,0.0000,0.0000,0.0001,0.6419,0.0016,200,4322.4890
0.6469,0.0000,0.0000,0.0001,0.6459,0.0007,200,4323.1326
0.6231,0.0000,0.0000,0.0000,0.6214,0.0017,200,4323.7795
0.6264,0.0000,0.0000,0.0001,0.6244,0.0020,200,4324.4026
0.6266,0.0000,0.0000,0.0000,0.6247,0.0018,200,4325.0290
0.6601,0.0000,0.0000,0.0001,0.6583,0.0017,200,4325.6556
0.6783,0.0000,0.0000,0.0001,0.6767,0.0015,200,4326.3157
0.6296,0.0000,0.0000,0.0001,0.6274,0.0021,200,4326.9941
0.6669,0.0000,0.0000,0.0001,0.6653,0.0015,200,4327.6237
0.6171,0.0000,0.0000,0.0001,0.6155,0.0015,200,4328.2906
0.6218,0.0000,0.0000,0.0001,0.6198,0.0018,200,4328.9077
0.6142,0.0000,0.0000,0.0001,0.6119,0.0021,200,4329.5295
0.6382,0.0000,0.0000,0.0001,0.6368,0.0013,200,4330.1437
0.6044,0.0000,0.0000,0.0000,0.6037,0.0006,200,4330.7819
0.6372,0.0000,0.0000,0.0000,0.6356,0.0016,200,4331.3864
0.6315,0.0000,0.0000,0.0001,0.6299,0.0015,200,4332.0236
0.6213,0.0000,0.0000,0.0001,0.6193,0.0018,200,4332.6551
0.6354,0.0000,0.0000,0.0001,0.6335,0.0018,200,4333.2763
0.6205,0.0000,0.0000,0.0001,0.6187,0.0016,200,4333.9118
0.6108,0.0000,0.0000,0.0001,0.6090,0.0016,200,4334.5323
0.6241,0.0000,0.0000,0.0001,0.6228,0.0012,200,4335.1430
0.6117,0.0000,0.0000,0.0000,0.6100,0.0016,200,4335.7672
0.6141,0.0000,0.0000,0.0001,0.6121,0.0018,200,4336.3789
0.6465,0.0000,0.0000,0.0001,0.6447,0.0017,200,4336.9930
0.6321,0.0000,0.0000,0.0001,0.6303,0.0017,200,4337.6394
0.6296,0.0000,0.0000,0.0001,0.6279,0.0016,200,4338.2715
0.6225,0.0000,0.0000,0.0001,0.6207,0.0017,200,4338.9011
0.6312,0.0000,0.0000,0.0001,0.6295,0.0016,200,4339.5236
0.6581,0.0000,0.0000,0.0001,0.6559,0.0021,200,4340.1549
0.6141,0.0000,0.0000,0.0001,0.6124,0.0016,200,4340.8130
0.6127,0.0000,0.0000,0.0000,0.6109,0.0018,200,4341.4271
0.6432,0.0000,0.0000,0.0001,0.6426,0.0006,200,4342.0399
0.6295,0.0000,0.0000,0.0000,0.6275,0.0019,200,4342.6831
0.6222,0.0000,0.0000,0.0001,0.6204,0.0016,200,4343.3126
0.6217,0.0000,0.0000,0.0001,0.6198,0.0017,200,4343.9348
0.6274,0.0000,0.0000,0.0001,0.6260,0.0013,200,4344.5565
0.6119,0.0000,0.0000,0.0001,0.6104,0.0014,200,4345.1839
0.6198,0.0000,0.0000,0.0001,0.6181,0.0016,200,4345.7958
0.6218,0.0000,0.0000,0.0001,0.6196,0.0021,200,4346.4157
0.6548,0.0000,0.0000,0.0001,0.6530,0.0018,200,4347.0375
0.6577,0.0000,0.0000,0.0001,0.6555,0.0021,200,4347.6923
0.6128,0.0000,0.0000,0.0001,0.6111,0.0016,200,4348.3500
0.6274,0.0000,0.0000,0.0001,0.6254,0.0019,200,4348.9629
0.6123,0.0000,0.0000,0.0001,0.6104,0.0016,200,4349.5904
0.6277,0.0000,0.0000,0.0001,0.6260,0.0016,200,4350.2027
0.6284,0.0000,0.0000,0.0001,0.6270,0.0012,200,4350.8304
0.6868,0.0000,0.0000,0.0001,0.6849,0.0016,200,4351.4588
0.6397,0.0000,0.0000,0.0001,0.6384,0.0012,200,4352.1456
0.6206,0.0000,0.0000,0.0001,0.6190,0.0015,200,4352.7853
0.6069,0.0000,0.0000,0.0001,0.6057,0.0012,200,4353.4059
0.6477,0.0000,0.0000,0.0001,0.6459,0.0017,200,4354.0128
0.6371,0.0000,0.0000,0.0001,0.6353,0.0015,200,4354.6605
0.6380,0.0000,0.0000,0.0000,0.6364,0.0014,200,4355.2976
0.6309,0.0000,0.0000,0.0001,0.6294,0.0014,200,4355.9356
0.6233,0.0000,0.0000,0.0001,0.6218,0.0014,200,4356.5664
0.6631,0.0000,0.0000,0.0000,0.6615,0.0015,200,4357.1898
0.6503,0.0000,0.0000,0.0001,0.6484,0.0018,200,4357.8529
0.6373,0.0000,0.0000,0.0001,0.6355,0.0016,200,4358.5032
0.6314,0.0000,0.0000,0.0002,0.6294,0.0017,200,4359.1404
0.6359,0.0000,0.0000,0.0000,0.6340,0.0018,200,4359.7718
0.6710,0.0000,0.0000,0.0001,0.6690,0.0018,200,4360.4077
0.6271,0.0000,0.0000,0.0001,0.6262,0.0007,200,4361.0787
0.6153,0.0000,0.0000,0.0000,0.6137,0.0016,200,4361.7058
0.6107,0.0000,0.0000,0.0001,0.6087,0.0019,200,4362.3211
0.6033,0.0000,0.0000,0.0001,0.6016,0.0015,200,4362.9318
0.6207,0.0000,0.0000,0.0001,0.6190,0.0016,200,4363.5352
0.6146,0.0000,0.0000,0.0001,0.6132,0.0013,200,4364.1558
0.6219,0.0000,0.0000,0.0001,0.6206,0.0012,200,4364.7705
0.6200,0.0000,0.0000,0.0001,0.6178,0.0016,200,4365.3924
0.6355,0.0000,0.0000,0.0001,0.6340,0.0013,200,4366.0124
0.6533,0.0000,0.0000,0.0001,0.6515,0.0017,200,4366.6479
0.6535,0.0000,0.0000,0.0001,0.6524,0.0010,200,4367.3012
0.6683,0.0000,0.0000,0.0001,0.6662,0.0019,200,4367.9547
0.6186,0.0000,0.0000,0.0001,0.6167,0.0018,200,4368.6230
0.6105,0.0000,0.0000,0.0001,0.6086,0.0018,200,4369.2416
0.6393,0.0000,0.0000,0.0001,0.6381,0.0011,200,4369.8521
0.6563,0.0000,0.0000,0.0000,0.6542,0.0020,200,4370.4914
0.6555,0.0000,0.0000,0.0001,0.6542,0.0012,200,4371.1477
0.6247,0.0000,0.0000,0.0000,0.6232,0.0014,200,4371.8033
0.6237,0.0000,0.0000,0.0001,0.6220,0.0015,200,4372.4279
0.6601,0.0000,0.0000,0.0001,0.6582,0.0018,200,4373.0516
0.6325,0.0000,0.0000,0.0001,0.6307,0.0017,200,4373.7117
0.6210,0.0000,0.0000,0.0001,0.6194,0.0015,200,4374.3442
0.6266,0.0000,0.0000,0.0001,0.6248,0.0016,200,4374.9652
0.6649,0.0000,0.0000,0.0001,0.6633,0.0015,200,4375.5918
0.6254,0.0000,0.0000,0.0001,0.6243,0.0009,200,4376.2567
0.6402,0.0000,0.0000,0.0001,0.6390,0.0011,200,4376.8821
0.6241,0.0000,0.0000,0.0000,0.6225,0.0015,200,4377.5223
0.6189,0.0000,0.0000,0.0001,0.6175,0.0013,200,4378.1464
0.6214,0.0000,0.0000,0.0001,0.6196,0.0017,200,4378.7653
0.6446,0.0000,0.0000,0.0001,0.6431,0.0014,200,4379.3867
0.6038,0.0000,0.0000,0.0001,0.6020,0.0017,200,4380.0313
0.6483,0.0000,0.0000,0.0001,0.6458,0.0024,200,4380.6351
0.6276,0.0000,0.0000,0.0001,0.6267,0.0006,200,4381.2835
0.6249,0.0000,0.0000,0.0000,0.6234,0.0014,200,4381.9111
0.6128,0.0000,0.0000,0.0001,0.6113,0.0014,200,4382.5359
0.6406,0.0000,0.0000,0.0001,0.6396,0.0009,200,4383.1488
0.6176,0.0000,0.0000,0.0001,0.6160,0.0015,200,4383.7894
0.6111,0.0000,0.0000,0.0001,0.6102,0.0008,200,4384.4071
0.6229,0.0000,0.0000,0.0000,0.6210,0.0019,200,4385.0182
0.6521,0.0000,0.0000,0.0001,0.6496,0.0023,200,4385.6411
0.6534,0.0000,0.0000,0.0001,0.6515,0.0017,200,4386.2931
0.6287,0.0000,0.0000,0.0001,0.6267,0.0018,200,4386.9466
0.6235,0.0000,0.0000,0.0001,0.6219,0.0014,200,4387.5752
0.6414,0.0000,0.0000,0.0001,0.6397,0.0015,200,4388.1987
0.6381,0.0000,0.0000,0.0001,0.6362,0.0017,200,4388.8401
0.8898,0.0000,0.0000,0.0001,0.8880,0.0016,200,4389.4783
0.6160,0.0000,0.0000,0.0001,0.6143,0.0016,200,4390.3680
0.6363,0.0000,0.0000,0.0001,0.6346,0.0015,200,4390.9840
0.6298,0.0000,0.0000,0.0001,0.6279,0.0018,200,4391.6203
0.6136,0.0000,0.0000,0.0001,0.6119,0.0016,200,4392.2501
0.6251,0.0000,0.0000,0.0001,0.6234,0.0015,200,4392.8637
0.6143,0.0000,0.0000,0.0001,0.6128,0.0014,200,4393.4888
0.6195,0.0000,0.0000,0.0000,0.6176,0.0018,200,4394.1031
0.6080,0.0000,0.0000,0.0001,0.6070,0.0009,200,4394.7226
0.6226,0.0000,0.0000,0.0000,0.6206,0.0020,200,4395.3306
0.6490,0.0000,0.0000,0.0001,0.6470,0.0019,200,4395.9532
0.6620,0.0000,0.0000,0.0001,0.6603,0.0017,200,4396.6022
0.6321,0.0000,0.0000,0.0001,0.6303,0.0017,200,4397.2642
0.6204,0.0000,0.0000,0.0001,0.6182,0.0020,200,4397.8963
0.6150,0.0000,0.0000,0.0001,0.6139,0.0010,200,4398.5167
0.6193,0.0000,0.0000,0.0001,0.6174,0.0017,200,4399.1318
0.6370,0.0000,0.0000,0.0001,0.6358,0.0011,200,4399.7511
0.6235,0.0000,0.0000,0.0001,0.6215,0.0019,200,4400.3881
0.6058,0.0000,0.0000,0.0001,0.6036,0.0021,200,4401.0117
0.6328,0.0000,0.0000,0.0001,0.6303,0.0024,200,4401.6174
0.6488,0.0000,0.0000,0.0001,0.6470,0.0016,200,4402.2502
0.6597,0.0000,0.0000,0.0000,0.6582,0.0014,200,4402.8990
0.6238,0.0000,0.0000,0.0001,0.6228,0.0009,200,4403.5587
0.6136,0.0000,0.0000,0.0000,0.6120,0.0015,200,4404.1824
0.6173,0.0000,0.0000,0.0001,0.6158,0.0014,200,4404.7960
0.6287,0.0000,0.0000,0.0001,0.6271,0.0015,200,4405.4133
0.6589,0.0000,0.0000,0.0001,0.6576,0.0013,200,4406.0420
0.6264,0.0000,0.0000,0.0000,0.6246,0.0018,200,4406.7009
0.6402,0.0000,0.0000,0.0001,0.6386,0.0015,200,4407.3274
0.6530,0.0000,0.0000,0.0001,0.6512,0.0017,200,4407.9676
0.6241,0.0000,0.0000,0.0001,0.6228,0.0012,200,4408.6206
0.6260,0.0000,0.0000,0.0001,0.6242,0.0015,200,4409.2447
0.6097,0.0000,0.0000,0.0000,0.6086,0.0010,200,4409.8707
0.6429,0.0000,0.0000,0.0000,0.6411,0.0017,200,4410.4805
0.6220,0.0000,0.0000,0.0001,0.6202,0.0017,200,4411.1234
0.6350,0.0000,0.0000,0.0001,0.6333,0.0016,200,4411.7454
0.6351,0.0000,0.0000,0.0001,0.6332,0.0018,200,4412.3804
0.6205,0.0000,0.0000,0.0001,0.6189,0.0015,200,4413.0155
0.6091,0.0000,0.0000,0.0001,0.6081,0.0008,200,4413.6360
0.6101,0.0000,0.0000,0.0000,0.6085,0.0015,200,4414.2450
0.6098,0.0000,0.0000,0.0001,0.6081,0.0016,200,4414.8551
0.6226,0.0000,0.0000,0.0001,0.6208,0.0018,200,4415.4649
0.6364,0.0000,0.0000,0.0001,0.6349,0.0014,200,4416.0876
0.6246,0.0000,0.0000,0.0001,0.6233,0.0012,200,4416.7240
0.6152,0.0000,0.0000,0.0001,0.6134,0.0015,200,4417.3486
0.6428,0.0000,0.0000,0.0001,0.6412,0.0014,200,4417.9638
0.6817,0.0000,0.0000,0.0001,0.6799,0.0017,200,4418.6066
0.6167,0.0000,0.0000,0.0001,0.6150,0.0016,200,4419.2883
0.6086,0.0000,0.0000,0.0001,0.6073,0.0012,200,4419.9050
0.6678,0.0000,0.0000,0.0001,0.6662,0.0015,200,4420.5136
0.6189,0.0000,0.0000,0.0001,0.6170,0.0018,200,4421.1814
0.6246,0.0000,0.0000,0.0001,0.6233,0.0012,200,4421.8004
0.6389,0.0000,0.0000,0.0001,0.6374,0.0014,200,4422.4250
0.6527,0.0000,0.0000,0.0001,0.6507,0.0019,200,4423.0639
0.6291,0.0000,0.0000,0.0001,0.6274,0.0015,200,4423.7166
0.6044,0.0000,0.0000,0.0000,0.6031,0.0011,200,4424.3457
0.6216,0.0000,0.0000,0.0001,0.6198,0.0017,200,4424.9501
0.6579,0.0000,0.0000,0.0001,0.6558,0.0019,200,4425.5717
0.6004,0.0000,0.0000,0.0001,0.5986,0.0017,200,4426.2295
0.6181,0.0000,0.0000,0.0001,0.6161,0.0019,200,4426.8299
0.6325,0.0000,0.0000,0.0001,0.6307,0.0017,200,4427.4481
0.6651,0.0000,0.0000,0.0001,0.6628,0.0021,200,4428.0806
0.6071,0.0000,0.0000,0.0000,0.6054,0.0016,200,4428.7457
0.6726,0.0000,0.0000,0.0001,0.6705,0.0019,200,4429.3528
0.6420,0.0000,0.0000,0.0001,0.6405,0.0014,200,4430.0254
0.6130,0.0000,0.0000,0.0001,0.6111,0.0018,200,4430.6674
0.6456,0.0000,0.0000,0.0001,0.6447,0.0008,200,4431.2805
0.6119,0.0000,0.0000,0.0001,0.6101,0.0016,200,4431.9261
0.6534,0.0000,0.0000,0.0001,0.6513,0.0020,200,4432.5380
0.6142,0.0000,0.0000,0.0001,0.6124,0.0017,200,4433.1914
0.6129,0.0000,0.0000,0.0001,0.6126,0.0002,200,4433.8056
0.6175,0.0000,0.0000,0.0001,0.6158,0.0015,200,4434.4185
0.6360,0.0000,0.0000,0.0001,0.6337,0.0022,200,4435.0360
0.6526,0.0000,0.0000,0.0001,0.6517,0.0007,200,4435.6720
0.6241,0.0000,0.0000,0.0000,0.6222,0.0019,200,4436.3246
0.6698,0.0000,0.0000,0.0001,0.6680,0.0017,200,4436.9487
0.6313,0.0000,0.0000,0.0001,0.6296,0.0016,200,4437.6185
0.6238,0.0000,0.0000,0.0001,0.6225,0.0012,200,4438.2498
0.6209,0.0000,0.0000,0.0001,0.6191,0.0017,200,4438.8736
0.6430,0.0000,0.0000,0.0001,0.6411,0.0018,200,4439.4945
0.6169,0.0000,0.0000,0.0001,0.6149,0.0018,200,4440.1376
0.7396,0.0000,0.0000,0.0001,0.7377,0.0018,200,4440.7545
0.6220,0.0000,0.0000,0.0001,0.6202,0.0017,200,4441.4941
0.6509,0.0000,0.0000,0.0001,0.6497,0.0011,200,4442.1161
0.6156,0.0000,0.0000,0.0000,0.6138,0.0017,200,4442.7670
0.6328,0.0000,0.0000,0.0001,0.6314,0.0013,200,4443.3826
0.6086,0.0000,0.0000,0.0000,0.6068,0.0017,200,4444.0154
0.6479,0.0000,0.0000,0.0001,0.6460,0.0017,200,4444.6241
0.6768,0.0000,0.0000,0.0001,0.6749,0.0018,200,4445.2719
0.6370,0.0000,0.0000,0.0001,0.6359,0.0009,200,4445.9487
0.6407,0.0000,0.0000,0.0000,0.6396,0.0011,200,4446.5857
0.6143,0.0000,0.0000,0.0001,0.6128,0.0014,200,4447.2265
0.6392,0.0000,0.0000,0.0001,0.6371,0.0020,200,4447.8408
0.6488,0.0000,0.0000,0.0001,0.6469,0.0017,200,4448.4800
0.6423,0.0000,0.0000,0.0001,0.6404,0.0017,200,4449.1287
0.6129,0.0000,0.0000,0.0001,0.6107,0.0020,200,4449.7711
0.6330,0.0000,0.0000,0.0004,0.6309,0.0014,200,4450.3839
0.6413,0.0000,0.0000,0.0001,0.6395,0.0016,200,4451.0170
0.6236,0.0000,0.0000,0.0001,0.6218,0.0017,200,4451.6582
0.6355,0.0000,0.0000,0.0001,0.6327,0.0026,200,4452.2819
0.6439,0.0000,0.0000,0.0001,0.6420,0.0017,200,4452.9174
0.6150,0.0000,0.0000,0.0001,0.6125,0.0022,200,4453.5612
0.6165,0.0000,0.0000,0.0001,0.6144,0.0019,200,4454.1762
0.6370,0.0000,0.0000,0.0001,0.6352,0.0016,200,4454.7928
0.6268,0.0000,0.0000,0.0001,0.6249,0.0018,200,4455.4298
0.6520,0.0000,0.0000,0.0001,0.6501,0.0017,200,4456.0566
0.6305,0.0000,0.0000,0.0001,0.6287,0.0015,200,4456.7086
0.6766,0.0000,0.0000,0.0001,0.6721,0.0043,200,4457.3391
0.6217,0.0000,0.0000,0.0001,0.6197,0.0018,200,4458.0157
0.6203,0.0000,0.0000,0.0001,0.6190,0.0012,200,4458.6374
0.6291,0.0000,0.0000,0.0001,0.6276,0.0014,200,4459.2577
0.6585,0.0000,0.0000,0.0001,0.6564,0.0020,200,4459.8868
0.6253,0.0000,0.0000,0.0001,0.6236,0.0015,200,4460.5453
0.6053,0.0000,0.0000,0.0001,0.6037,0.0014,200,4461.1707
0.6122,0.0000,0.0000,0.0001,0.6107,0.0015,200,4461.7760
0.6130,0.0000,0.0000,0.0001,0.6113,0.0016,200,4462.3882
0.6423,0.0000,0.0000,0.0001,0.6406,0.0016,200,4463.0012
0.6220,0.0000,0.0000,0.0001,0.6210,0.0009,200,4463.6436
0.6201,0.0000,0.0000,0.0000,0.6184,0.0017,200,4464.2655
0.6099,0.0000,0.0000,0.0001,0.6082,0.0016,200,4464.8857
0.6227,0.0000,0.0000,0.0001,0.6208,0.0017,200,4465.4956
0.6350,0.0000,0.0000,0.0001,0.6332,0.0017,200,4466.1183
0.6095,0.0000,0.0000,0.0001,0.6078,0.0016,200,4466.7533
0.6085,0.0000,0.0000,0.0001,0.6070,0.0014,200,4467.3628
0.6277,0.0000,0.0000,0.0001,0.6264,0.0012,200,4467.9713
0.6363,0.0000,0.0000,0.0001,0.6344,0.0017,200,4468.5990
0.6747,0.0000,0.0000,0.0001,0.6730,0.0015,200,4469.2353
0.6489,0.0000,0.0000,0.0001,0.6471,0.0017,200,4469.9100
0.6126,0.0000,0.0000,0.0001,0.6110,0.0015,200,4470.5589
0.6117,0.0000,0.0000,0.0001,0.6099,0.0017,200,4471.1715
0.6292,0.0000,0.0000,0.0001,0.6274,0.0017,200,4471.7832
0.6182,0.0000,0.0000,0.0001,0.6161,0.0020,200,4472.4124
0.6219,0.0000,0.0000,0.0001,0.6205,0.0013,200,4473.0306
0.6601,0.0000,0.0000,0.0001,0.6586,0.0013,200,4473.6525
0.6195,0.0000,0.0000,0.0001,0.6178,0.0015,200,4474.3126
0.6084,0.0000,0.0000,0.0001,0.6066,0.0017,200,4474.9321
0.6040,0.0000,0.0000,0.0002,0.6018,0.0019,200,4475.5405
0.6215,0.0000,0.0000,0.0001,0.6195,0.0018,200,4476.1445
0.6482,0.0000,0.0000,0.0001,0.6465,0.0015,200,4476.7661
0.6442,0.0000,0.0000,0.0001,0.6421,0.0019,200,4477.4142
0.6549,0.0000,0.0000,0.0000,0.6532,0.0016,200,4478.0584
0.6438,0.0000,0.0000,0.0001,0.6417,0.0020,200,4478.7133
0.6174,0.0000,0.0000,0.0001,0.6157,0.0016,200,4479.3571
0.6193,0.0000,0.0000,0.0001,0.6180,0.0012,200,4479.9745
0.7632,0.0000,0.0000,0.0000,0.7613,0.0017,200,4480.5938
0.6228,0.0000,0.0000,0.0001,0.6215,0.0013,200,4481.3570
0.6312,0.0000,0.0000,0.0001,0.6294,0.0017,200,4481.9798
0.6294,0.0000,0.0000,0.0001,0.6278,0.0015,200,4482.6110
0.6415,0.0000,0.0000,0.0001,0.6395,0.0019,200,4483.2404
0.6684,0.0000,0.0000,0.0001,0.6662,0.0020,200,4483.8819
0.6217,0.0000,0.0000,0.0001,0.6200,0.0016,200,4484.5502
0.6183,0.0000,0.0000,0.0001,0.6162,0.0020,200,4485.1720
0.6163,0.0000,0.0000,0.0001,0.6150,0.0012,200,4485.7903
0.6389,0.0000,0.0000,0.0001,0.6376,0.0012,200,4486.4065
0.6316,0.0000,0.0000,0.0001,0.6297,0.0018,200,4487.0455
0.6565,0.0000,0.0000,0.0001,0.6544,0.0019,200,4487.6771
1.2117,0.0000,0.0000,0.0001,1.2098,0.0017,200,4488.3336
0.6284,0.0000,0.0000,0.0001,0.6264,0.0019,200,4489.5453
0.5965,0.0000,0.0000,0.0001,0.5946,0.0018,200,4490.1736
0.6395,0.0000,0.0000,0.0000,0.6380,0.0014,200,4490.7702
0.6285,0.0000,0.0000,0.0001,0.6272,0.0012,200,4491.4096
0.6287,0.0000,0.0000,0.0001,0.6270,0.0016,200,4492.0382
0.6049,0.0000,0.0000,0.0001,0.6028,0.0019,200,4492.6669
0.6718,0.0000,0.0000,0.0001,0.6701,0.0016,200,4493.2718
0.6251,0.0000,0.0000,0.0001,0.6233,0.0017,200,4493.9436
0.6392,0.0000,0.0000,0.0001,0.6375,0.0016,200,4494.5687
0.6408,0.0000,0.0000,0.0001,0.6395,0.0011,200,4495.2079
0.6306,0.0000,0.0000,0.0001,0.6298,0.0007,200,4495.8487
0.6173,0.0000,0.0000,0.0001,0.6158,0.0014,200,4496.4792
0.6532,0.0000,0.0000,0.0001,0.6510,0.0020,200,4497.0965
0.6104,0.0000,0.0000,0.0001,0.6086,0.0017,200,4497.7498
0.6165,0.0000,0.0000,0.0001,0.6143,0.0021,200,4498.3602
0.6169,0.0000,0.0000,0.0001,0.6151,0.0017,200,4498.9767
0.6249,0.0000,0.0000,0.0001,0.6235,0.0013,200,4499.5936
0.6188,0.0000,0.0000,0.0001,0.6171,0.0016,200,4500.2186
0.6522,0.0000,0.0000,0.0001,0.6505,0.0016,200,4500.8374
0.6351,0.0000,0.0000,0.0001,0.6330,0.0020,200,4501.4896
0.6358,0.0000,0.0000,0.0001,0.6339,0.0017,200,4502.1247
0.6751,0.0000,0.0000,0.0001,0.6734,0.0016,200,4502.7605
0.6063,0.0000,0.0000,0.0001,0.6045,0.0017,200,4503.4356
0.6227,0.0000,0.0000,0.0001,0.6209,0.0016,200,4504.0419
0.6482,0.0000,0.0000,0.0001,0.6463,0.0017,200,4504.6646
0.6285,0.0000,0.0000,0.0001,0.6268,0.0015,200,4505.3128
0.6346,0.0000,0.0000,0.0001,0.6328,0.0016,200,4505.9412
0.6267,0.0000,0.0000,0.0001,0.6245,0.0020,200,4506.5758
0.6431,0.0000,0.0000,0.0001,0.6406,0.0024,200,4507.2025
0.6259,0.0000,0.0000,0.0001,0.6244,0.0014,200,4507.8456
0.6279,0.0000,0.0000,0.0001,0.6254,0.0024,200,4508.4715
0.6362,0.0000,0.0000,0.0001,0.6343,0.0017,200,4509.0994
0.6277,0.0000,0.0000,0.0001,0.6259,0.0017,200,4509.7356
0.7017,0.0000,0.0000,0.0001,0.7006,0.0010,200,4510.3633
0.6346,0.0000,0.0000,0.0001,0.6328,0.0017,200,4511.0650
0.6229,0.0000,0.0000,0.0001,0.6210,0.0018,200,4511.6996
0.6154,0.0000,0.0000,0.0001,0.6139,0.0015,200,4512.3225
0.6135,0.0000,0.0000,0.0001,0.6121,0.0012,200,4512.9379
0.6282,0.0000,0.0000,0.0001,0.6264,0.0016,200,4513.5514
0.6453,0.0000,0.0000,0.0001,0.6436,0.0016,200,4514.1796
0.6448,0.0000,0.0000,0.0001,0.6430,0.0016,200,4514.8250
0.6064,0.0000,0.0000,0.0001,0.6049,0.0014,200,4515.4697
0.6406,0.0000,0.0000,0.0001,0.6388,0.0017,200,4516.0761
0.6535,0.0000,0.0000,0.0001,0.6519,0.0015,200,4516.7168
0.6484,0.0000,0.0000,0.0001,0.6475,0.0008,200,4517.3702
0.6312,0.0000,0.0000,0.0001,0.6292,0.0019,200,4518.0186
0.6586,0.0000,0.0000,0.0001,0.6569,0.0016,200,4518.6498
0.6468,0.0000,0.0000,0.0001,0.6444,0.0022,200,4519.3084
0.6358,0.0000,0.0000,0.0001,0.6341,0.0015,200,4519.9552
0.6224,0.0000,0.0000,0.0001,0.6207,0.0015,200,4520.5910
0.6568,0.0000,0.0000,0.0001,0.6551,0.0016,200,4521.2134
0.6225,0.0000,0.0000,0.0001,0.6207,0.0016,200,4521.8703
0.6180,0.0000,0.0000,0.0001,0.6156,0.0023,200,4522.4927
0.6277,0.0000,0.0000,0.0001,0.6268,0.0007,200,4523.1107
0.6424,0.0000,0.0000,0.0000,0.6400,0.0023,200,4523.7384
0.6415,0.0000,0.0000,0.0001,0.6397,0.0017,200,4524.3808
0.6248,0.0000,0.0000,0.0001,0.6233,0.0014,200,4525.0223
0.6071,0.0000,0.0000,0.0001,0.6052,0.0017,200,4525.6471
0.6324,0.0000,0.0000,0.0001,0.6308,0.0015,200,4526.2542
0.6402,0.0000,0.0000,0.0000,0.6388,0.0013,200,4526.8866
0.6110,0.0000,0.0000,0.0000,0.6092,0.0018,200,4527.5268
0.6287,0.0000,0.0000,0.0001,0.6269,0.0016,200,4528.1379
0.6350,0.0000,0.0000,0.0001,0.6331,0.0018,200,4528.7665
0.6227,0.0000,0.0000,0.0001,0.6210,0.0016,200,4529.4016
0.6011,0.0000,0.0000,0.0001,0.5995,0.0015,200,4530.0243
0.6520,0.0000,0.0000,0.0001,0.6501,0.0018,200,4530.6254
0.6108,0.0000,0.0000,0.0000,0.6093,0.0014,200,4531.2774
0.6403,0.0000,0.0000,0.0001,0.6387,0.0015,200,4531.8882
0.6164,0.0000,0.0000,0.0001,0.6139,0.0023,200,4532.5285
0.6111,0.0000,0.0000,0.0001,0.6094,0.0016,200,4533.1449
0.6274,0.0000,0.0000,0.0001,0.6257,0.0016,200,4533.7560
0.6199,0.0000,0.0000,0.0001,0.6191,0.0007,200,4534.3834
0.6474,0.0000,0.0000,0.0000,0.6456,0.0017,200,4535.0033
0.6386,0.0000,0.0000,0.0001,0.6367,0.0018,200,4535.6507
0.6238,0.0000,0.0000,0.0001,0.6216,0.0021,200,4536.2894
0.6269,0.0000,0.0000,0.0001,0.6256,0.0012,200,4536.9132
0.6271,0.0000,0.0000,0.0003,0.6249,0.0016,200,4537.5401
0.6567,0.0000,0.0000,0.0001,0.6558,0.0008,200,4538.1671
0.6339,0.0000,0.0000,0.0000,0.6320,0.0019,200,4538.8239
0.6117,0.0000,0.0000,0.0001,0.6103,0.0012,200,4539.4579
0.6314,0.0000,0.0000,0.0001,0.6297,0.0016,200,4540.0695
0.6043,0.0000,0.0000,0.0001,0.6029,0.0013,200,4540.7009
0.6534,0.0000,0.0000,0.0001,0.6515,0.0018,200,4541.3053
0.6193,0.0000,0.0000,0.0001,0.6182,0.0010,200,4541.9587
0.6168,0.0000,0.0000,0.0001,0.6151,0.0016,200,4542.5780
0.6210,0.0000,0.0000,0.0001,0.6194,0.0015,200,4543.1949
0.6516,0.0000,0.0000,0.0001,0.6495,0.0020,200,4543.8159
0.6013,0.0000,0.0000,0.0001,0.5997,0.0016,200,4544.4675
0.6216,0.0000,0.0000,0.0000,0.6203,0.0011,200,4545.0688
0.6343,0.0000,0.0000,0.0000,0.6322,0.0020,200,4545.6905
0.6327,0.0000,0.0000,0.0001,0.6308,0.0018,200,4546.3247
0.6063,0.0000,0.0000,0.0001,0.6048,0.0014,200,4546.9575
0.6420,0.0000,0.0000,0.0001,0.6399,0.0018,200,4547.5638
0.6114,0.0000,0.0000,0.0001,0.6094,0.0018,200,4548.2058
0.6313,0.0000,0.0000,0.0001,0.6295,0.0017,200,4548.8171
0.6152,0.0000,0.0000,0.0001,0.6133,0.0018,200,4549.4485
0.6280,0.0000,0.0000,0.0001,0.6259,0.0019,200,4550.0637
0.6225,0.0000,0.0000,0.0001,0.6216,0.0008,200,4550.6916
0.6120,0.0000,0.0000,0.0000,0.6106,0.0013,200,4551.3142
0.6567,0.0000,0.0000,0.0001,0.6548,0.0018,200,4551.9261
0.6371,0.0000,0.0000,0.0001,0.6352,0.0017,200,4552.5828
0.6488,0.0000,0.0000,0.0001,0.6470,0.0017,200,4553.2199
0.6182,0.0000,0.0000,0.0001,0.6167,0.0014,200,4553.8687
0.6350,0.0000,0.0000,0.0001,0.6334,0.0015,200,4554.4869
0.6229,0.0000,0.0000,0.0001,0.6212,0.0015,200,4555.1220
0.6234,0.0000,0.0000,0.0001,0.6215,0.0018,200,4555.7448
0.6267,0.0000,0.0000,0.0001,0.6246,0.0020,200,4556.3682
0.6545,0.0000,0.0000,0.0001,0.6531,0.0013,200,4556.9950
0.6085,0.0000,0.0000,0.0001,0.6077,0.0007,200,4557.6495
0.6200,0.0000,0.0000,0.0001,0.6187,0.0010,200,4558.2580
0.6380,0.0000,0.0000,0.0001,0.6362,0.0017,200,4558.8781
0.6200,0.0000,0.0000,0.0001,0.6184,0.0015,200,4559.5160
0.6429,0.0000,0.0000,0.0001,0.6409,0.0018,200,4560.1360
0.6307,0.0000,0.0000,0.0001,0.6287,0.0014,200,4560.7790
0.6127,0.0000,0.0000,0.0001,0.6112,0.0014,200,4561.4097
0.6275,0.0000,0.0000,0.0001,0.6270,0.0004,200,4562.0224
0.6435,0.0000,0.0000,0.0001,0.6415,0.0018,200,4562.6499
0.6311,0.0000,0.0000,0.0000,0.6298,0.0013,200,4563.2933
0.6351,0.0000,0.0000,0.0001,0.6335,0.0015,200,4563.9245
0.6391,0.0000,0.0000,0.0001,0.6360,0.0030,200,4564.5596
0.6621,0.0000,0.0000,0.0001,0.6601,0.0019,200,4565.1987
0.6343,0.0000,0.0000,0.0001,0.6330,0.0012,200,4565.8608
0.9180,0.0000,0.0000,0.0001,0.9158,0.0020,200,4566.4951
0.6256,0.0000,0.0000,0.0001,0.6239,0.0015,200,4567.4131
0.6537,0.0000,0.0000,0.0001,0.6520,0.0015,200,4568.0387
0.6333,0.0000,0.0000,0.0001,0.6313,0.0020,200,4568.6924
0.6113,0.0000,0.0000,0.0001,0.6102,0.0010,200,4569.3257
0.6092,0.0000,0.0000,0.0001,0.6076,0.0015,200,4569.9371
0.6221,0.0000,0.0000,0.0001,0.6205,0.0015,200,4570.5463
0.6503,0.0000,0.0000,0.0001,0.6488,0.0014,200,4571.1684
0.6193,0.0000,0.0000,0.0000,0.6177,0.0015,200,4571.8187
0.6542,0.0000,0.0000,0.0001,0.6528,0.0013,200,4572.4380
0.6216,0.0000,0.0000,0.0001,0.6199,0.0016,200,4573.0922
0.6171,0.0000,0.0000,0.0001,0.6157,0.0013,200,4573.7139
0.6188,0.0000,0.0000,0.0001,0.6167,0.0019,200,4574.3309
0.6204,0.0000,0.0000,0.0001,0.6189,0.0014,200,4574.9497
0.6375,0.0000,0.0000,0.0000,0.6359,0.0015,200,4575.5701
0.6813,0.0000,0.0000,0.0001,0.6799,0.0014,200,4576.2076
0.6180,0.0000,0.0000,0.0001,0.6170,0.0009,200,4576.8890
0.6174,0.0000,0.0000,0.0000,0.6159,0.0014,200,4577.5070
0.6312,0.0000,0.0000,0.0002,0.6293,0.0016,200,4578.1244
0.6141,0.0000,0.0000,0.0001,0.6122,0.0018,200,4578.7556
0.6170,0.0000,0.0000,0.0001,0.6157,0.0012,200,4579.3697
0.6237,0.0000,0.0000,0.0000,0.6222,0.0014,200,4579.9867
0.6406,0.0000,0.0000,0.0000,0.6390,0.0014,200,4580.6104
0.6294,0.0000,0.0000,0.0001,0.6278,0.0015,200,4581.2510
0.6184,0.0000,0.0000,0.0001,0.6180,0.0002,200,4581.8804
0.6258,0.0000,0.0000,0.0001,0.6242,0.0015,200,4582.4988
0.6537,0.0000,0.0000,0.0001,0.6511,0.0023,200,4583.1245
0.6608,0.0000,0.0000,0.0001,0.6594,0.0013,200,4583.7782
0.6275,0.0000,0.0000,0.0001,0.6266,0.0009,200,4584.4390
0.6502,0.0000,0.0000,0.0000,0.6487,0.0015,200,4585.0666
0.6184,0.0000,0.0000,0.0002,0.6163,0.0018,200,4585.7168
0.6603,0.0000,0.0000,0.0001,0.6592,0.0010,200,4586.3352
0.6402,0.0000,0.0000,0.0001,0.6383,0.0018,200,4586.9954
0.6665,0.0000,0.0000,0.0001,0.6645,0.0019,200,4587.6357
0.6416,0.0000,0.0000,0.0001,0.6398,0.0017,200,4588.3022
0.6101,0.0000,0.0000,0.0001,0.6081,0.0017,200,4588.9437
0.6228,0.0000,0.0000,0.0001,0.6210,0.0016,200,4589.5539
0.6072,0.0000,0.0000,0.0001,0.6052,0.0018,200,4590.1766
0.6177,0.0000,0.0000,0.0001,0.6156,0.0019,200,4590.7838
0.6113,0.0000,0.0000,0.0001,0.6097,0.0015,200,4591.4015
0.6370,0.0000,0.0000,0.0001,0.6351,0.0017,200,4592.0128
0.6083,0.0000,0.0000,0.0001,0.6063,0.0019,200,4592.6498
0.6449,0.0000,0.0000,0.0001,0.6430,0.0018,200,4593.2581
0.6213,0.0000,0.0000,0.0001,0.6190,0.0022,200,4593.9030
0.6334,0.0000,0.0000,0.0001,0.6315,0.0018,200,4594.5244
0.6260,0.0000,0.0000,0.0001,0.6245,0.0014,200,4595.1578
0.6291,0.0000,0.0000,0.0001,0.6272,0.0018,200,4595.7838
0.6224,0.0000,0.0000,0.0001,0.6209,0.0014,200,4596.4130
0.6222,0.0000,0.0000,0.0001,0.6199,0.0021,200,4597.0354
0.6398,0.0000,0.0000,0.0001,0.6382,0.0015,200,4597.6576
0.6461,0.0000,0.0000,0.0001,0.6441,0.0019,200,4598.2974
0.6525,0.0000,0.0000,0.0001,0.6507,0.0016,200,4598.9435
0.6334,0.0000,0.0000,0.0001,0.6324,0.0009,200,4599.5960
0.6201,0.0000,0.0000,0.0000,0.6190,0.0011,200,4600.2294
0.6171,0.0000,0.0000,0.0000,0.6158,0.0012,200,4600.8495
0.6186,0.0000,0.0000,0.0001,0.6168,0.0016,200,4601.4666
0.6142,0.0000,0.0000,0.0001,0.6120,0.0021,200,4602.0852
0.6122,0.0000,0.0000,0.0001,0.6102,0.0019,200,4602.6994
0.6422,0.0000,0.0000,0.0001,0.6401,0.0020,200,4603.3116
0.6267,0.0000,0.0000,0.0001,0.6248,0.0019,200,4603.9538
0.6195,0.0000,0.0000,0.0001,0.6178,0.0015,200,4604.5805
0.6211,0.0000,0.0000,0.0001,0.6199,0.0011,200,4605.2001
0.6162,0.0000,0.0000,0.0000,0.6145,0.0017,200,4605.8212
0.6232,0.0000,0.0000,0.0001,0.6212,0.0019,200,4606.4374
0.6403,0.0000,0.0000,0.0001,0.6385,0.0016,200,4607.0607
0.6251,0.0000,0.0000,0.0001,0.6232,0.0018,200,4607.7009
0.6315,0.0000,0.0000,0.0001,0.6297,0.0017,200,4608.3261
0.6961,0.0000,0.0000,0.0001,0.6946,0.0014,200,4608.9576
0.6167,0.0000,0.0000,0.0000,0.6156,0.0010,200,4609.6537
0.6123,0.0000,0.0000,0.0000,0.6106,0.0016,200,4610.2704
0.6496,0.0000,0.0000,0.0001,0.6485,0.0011,200,4610.8827
0.6079,0.0000,0.0000,0.0000,0.6063,0.0016,200,4611.5324
0.6635,0.0000,0.0000,0.0001,0.6619,0.0014,200,4612.1403
0.6296,0.0000,0.0000,0.0001,0.6278,0.0017,200,4612.8038
0.6680,0.0000,0.0000,0.0001,0.6661,0.0017,200,4613.4334
0.6322,0.0000,0.0000,0.0001,0.6302,0.0019,200,4614.1014
0.6239,0.0000,0.0000,0.0001,0.6219,0.0018,200,4614.7335
0.6102,0.0000,0.0000,0.0001,0.6088,0.0012,200,4615.3574
0.6082,0.0000,0.0000,0.0001,0.6064,0.0017,200,4615.9676
0.6174,0.0000,0.0000,0.0001,0.6148,0.0024,200,4616.5758
0.6330,0.0000,0.0000,0.0001,0.6309,0.0020,200,4617.1932
0.6453,0.0000,0.0000,0.0000,0.6437,0.0015,200,4617.8262
0.6499,0.0000,0.0000,0.0001,0.6484,0.0014,200,4618.4715
0.6206,0.0000,0.0000,0.0001,0.6195,0.0009,200,4619.1215
0.6313,0.0000,0.0000,0.0001,0.6293,0.0018,200,4619.7421
0.6290,0.0000,0.0000,0.0001,0.6272,0.0016,200,4620.3734
0.6176,0.0000,0.0000,0.0001,0.6165,0.0010,200,4621.0023
0.6487,0.0000,0.0000,0.0000,0.6475,0.0011,200,4621.6200
0.6428,0.0000,0.0000,0.0001,0.6410,0.0016,200,4622.2687
0.6473,0.0000,0.0000,0.0001,0.6452,0.0019,200,4622.9115
0.6170,0.0000,0.0000,0.0001,0.6156,0.0013,200,4623.5588
0.6284,0.0000,0.0000,0.0001,0.6268,0.0015,200,4624.1758
0.6476,0.0000,0.0000,0.0001,0.6459,0.0016,200,4624.8042
0.7137,0.0000,0.0000,0.0001,0.7119,0.0015,200,4625.4518
0.6131,0.0000,0.0000,0.0001,0.6115,0.0015,200,4626.1655
0.6334,0.0000,0.0000,0.0001,0.6320,0.0012,200,4626.7787
0.6887,0.0000,0.0000,0.0001,0.6869,0.0017,200,4627.4120
0.6189,0.0000,0.0000,0.0001,0.6176,0.0012,200,4628.1008
0.6566,0.0000,0.0000,0.0001,0.6545,0.0020,200,4628.7197
0.6193,0.0000,0.0000,0.0001,0.6175,0.0017,200,4629.3764
0.6314,0.0000,0.0000,0.0001,0.6298,0.0014,200,4629.9957
0.6115,0.0000,0.0000,0.0000,0.6097,0.0017,200,4630.6270
0.6349,0.0000,0.0000,0.0001,0.6332,0.0016,200,4631.2385
0.6340,0.0000,0.0000,0.0001,0.6328,0.0011,200,4631.8735
0.6401,0.0000,0.0000,0.0000,0.6383,0.0017,200,4632.5075
0.6092,0.0000,0.0000,0.0001,0.6075,0.0016,200,4633.1476
0.6276,0.0000,0.0000,0.0001,0.6266,0.0008,200,4633.7568
0.6115,0.0000,0.0000,0.0000,0.6099,0.0017,200,4634.3844
0.6511,0.0000,0.0000,0.0001,0.6494,0.0016,200,4634.9959
0.6294,0.0000,0.0000,0.0001,0.6280,0.0013,200,4635.6470
0.6385,0.0000,0.0000,0.0000,0.6370,0.0014,200,4636.2764
0.6209,0.0000,0.0000,0.0001,0.6185,0.0023,200,4636.9149
0.6433,0.0000,0.0000,0.0001,0.6412,0.0019,200,4637.5358
0.6208,0.0000,0.0000,0.0001,0.6186,0.0020,200,4638.1791
0.6262,0.0000,0.0000,0.0001,0.6244,0.0017,200,4638.7999
0.6105,0.0000,0.0000,0.0001,0.6092,0.0011,200,4639.4261
0.6177,0.0000,0.0000,0.0001,0.6151,0.0022,200,4640.0366
0.6165,0.0000,0.0000,0.0001,0.6145,0.0019,200,4640.6542
0.6447,0.0000,0.0000,0.0001,0.6429,0.0017,200,4641.2707
0.6250,0.0000,0.0000,0.0001,0.6231,0.0018,200,4641.9155
0.6214,0.0000,0.0000,0.0001,0.6198,0.0015,200,4642.5404
0.6084,0.0000,0.0000,0.0001,0.6076,0.0007,200,4643.1618
0.6572,0.0000,0.0000,0.0000,0.6561,0.0010,200,4643.7703
0.6212,0.0000,0.0000,0.0000,0.6197,0.0014,200,4644.4275
0.6291,0.0000,0.0000,0.0001,0.6274,0.0015,200,4645.0487
0.6306,0.0000,0.0000,0.0001,0.6289,0.0016,200,4645.6778
0.6319,0.0000,0.0000,0.0001,0.6299,0.0019,200,4646.3085
0.6796,0.0000,0.0000,0.0001,0.6779,0.0016,200,4646.9404
0.6437,0.0000,0.0000,0.0000,0.6421,0.0015,200,4647.6200
0.6722,0.0000,0.0000,0.0001,0.6698,0.0023,200,4648.2637
0.6036,0.0000,0.0000,0.0001,0.6018,0.0017,200,4648.9359
0.6413,0.0000,0.0000,0.0001,0.6397,0.0014,200,4649.5395
0.5980,0.0000,0.0000,0.0000,0.5964,0.0015,200,4650.1808
0.6260,0.0000,0.0000,0.0001,0.6242,0.0017,200,4650.7787
0.6089,0.0000,0.0000,0.0001,0.6073,0.0015,200,4651.4048
0.6109,0.0000,0.0000,0.0001,0.6090,0.0017,200,4652.0137
0.6053,0.0000,0.0000,0.0001,0.6031,0.0018,200,4652.6245
0.6467,0.0000,0.0000,0.0001,0.6448,0.0018,200,4653.2299
0.6351,0.0000,0.0000,0.0001,0.6332,0.0017,200,4653.8766
0.6467,0.0000,0.0000,0.0001,0.6450,0.0016,200,4654.5117
0.6246,0.0000,0.0000,0.0000,0.6228,0.0017,200,4655.1584
0.6839,0.0000,0.0000,0.0001,0.6823,0.0015,200,4655.7830
0.6339,0.0000,0.0000,0.0001,0.6325,0.0013,200,4656.4669
0.6486,0.0000,0.0000,0.0001,0.6466,0.0019,200,4657.1008
0.6226,0.0000,0.0000,0.0001,0.6206,0.0018,200,4657.7494
0.6121,0.0000,0.0000,0.0001,0.6102,0.0017,200,4658.3720
0.6312,0.0000,0.0000,0.0001,0.6295,0.0016,200,4658.9841
0.6341,0.0000,0.0000,0.0001,0.6323,0.0017,200,4659.6153
0.6190,0.0000,0.0000,0.0001,0.6171,0.0018,200,4660.2494
0.6155,0.0000,0.0000,0.0002,0.6135,0.0017,200,4660.8684
0.6284,0.0000,0.0000,0.0001,0.6266,0.0017,200,4661.4839
0.6290,0.0000,0.0000,0.0001,0.6272,0.0017,200,4662.1123
0.6042,0.0000,0.0000,0.0001,0.6022,0.0019,200,4662.7414
0.6205,0.0000,0.0000,0.0001,0.6189,0.0015,200,4663.3456
0.6197,0.0000,0.0000,0.0000,0.6178,0.0018,200,4663.9661
0.6551,0.0000,0.0000,0.0001,0.6535,0.0014,200,4664.5858
0.6615,0.0000,0.0000,0.0001,0.6599,0.0015,200,4665.2409
0.6511,0.0000,0.0000,0.0001,0.6492,0.0017,200,4665.9024
0.7067,0.0000,0.0000,0.0001,0.7050,0.0016,200,4666.5536
0.6176,0.0000,0.0000,0.0001,0.6160,0.0014,200,4667.2603
0.6324,0.0000,0.0000,0.0001,0.6314,0.0009,200,4667.8779
0.6326,0.0000,0.0000,0.0001,0.6310,0.0015,200,4668.5103
0.6259,0.0000,0.0000,0.0001,0.6239,0.0019,200,4669.1429
0.6594,0.0000,0.0000,0.0001,0.6572,0.0021,200,4669.7688
0.6196,0.0000,0.0000,0.0001,0.6176,0.0018,200,4670.4283
0.6560,0.0000,0.0000,0.0000,0.6546,0.0013,200,4671.0479
0.6223,0.0000,0.0000,0.0000,0.6209,0.0013,200,4671.7040
0.6244,0.0000,0.0000,0.0000,0.6227,0.0016,200,4672.3263
0.6237,0.0000,0.0000,0.0000,0.6220,0.0016,200,4672.9506
0.6409,0.0000,0.0000,0.0001,0.6392,0.0016,200,4673.5743
0.6092,0.0000,0.0000,0.0001,0.6083,0.0007,200,4674.2152
0.7049,0.0000,0.0000,0.0000,0.7032,0.0016,200,4674.8244
0.6253,0.0000,0.0000,0.0000,0.6234,0.0018,200,4675.5294
0.6239,0.0000,0.0000,0.0001,0.6225,0.0012,200,4676.1546
0.6313,0.0000,0.0000,0.0000,0.6294,0.0017,200,4676.7785
0.6314,0.0000,0.0000,0.0001,0.6296,0.0017,200,4677.4098
0.6328,0.0000,0.0000,0.0001,0.6305,0.0018,200,4678.0412
0.6437,0.0000,0.0000,0.0001,0.6421,0.0014,200,4678.6739
0.6294,0.0000,0.0000,0.0001,0.6272,0.0021,200,4679.3176
0.6000,0.0000,0.0000,0.0001,0.5983,0.0015,200,4679.9471
0.6108,0.0000,0.0000,0.0001,0.6091,0.0016,200,4680.5471
0.6317,0.0000,0.0000,0.0001,0.6300,0.0015,200,4681.1579
0.6394,0.0000,0.0000,0.0001,0.6377,0.0016,200,4681.7896
0.6243,0.0000,0.0000,0.0001,0.6225,0.0016,200,4682.4290
0.6721,0.0000,0.0000,0.0001,0.6701,0.0018,200,4683.0533
0.6142,0.0000,0.0000,0.0001,0.6123,0.0018,200,4683.7254
0.6200,0.0000,0.0000,0.0001,0.6181,0.0017,200,4684.3396
0.6551,0.0000,0.0000,0.0001,0.6535,0.0015,200,4684.9596
0.6077,0.0000,0.0000,0.0001,0.6066,0.0011,200,4685.6147
0.6287,0.0000,0.0000,0.0001,0.6272,0.0014,200,4686.2224
0.6164,0.0000,0.0000,0.0001,0.6146,0.0017,200,4686.8511
0.6079,0.0000,0.0000,0.0001,0.6061,0.0017,200,4687.4675
0.6347,0.0000,0.0000,0.0001,0.6326,0.0019,200,4688.0754
0.6297,0.0000,0.0000,0.0001,0.6281,0.0015,200,4688.7100
0.6286,0.0000,0.0000,0.0001,0.6269,0.0016,200,4689.3398
0.6149,0.0000,0.0000,0.0001,0.6133,0.0012,200,4689.9684
0.6213,0.0000,0.0000,0.0001,0.6197,0.0016,200,4690.5833
0.6436,0.0000,0.0000,0.0001,0.6418,0.0015,200,4691.2046
0.6159,0.0000,0.0000,0.0001,0.6146,0.0012,200,4691.8482
0.6191,0.0000,0.0000,0.0007,0.6165,0.0017,200,4692.4642
0.6124,0.0000,0.0000,0.0001,0.6107,0.0017,200,4693.0832
0.6515,0.0000,0.0000,0.0001,0.6497,0.0017,200,4693.6957
0.6450,0.0000,0.0000,0.0001,0.6432,0.0016,200,4694.3472
0.6567,0.0000,0.0000,0.0001,0.6550,0.0016,200,4694.9922
0.6553,0.0000,0.0000,0.0001,0.6532,0.0019,200,4695.6489
0.6586,0.0000,0.0000,0.0001,0.6568,0.0016,200,4696.3042
0.6371,0.0000,0.0000,0.0001,0.6311,0.0059,200,4696.9628
0.6241,0.0000,0.0000,0.0001,0.6225,0.0014,200,4697.5998
0.6410,0.0000,0.0000,0.0001,0.6392,0.0017,200,4698.2239
0.6251,0.0000,0.0000,0.0001,0.6234,0.0015,200,4698.8650
0.6180,0.0000,0.0000,0.0001,0.6167,0.0012,200,4699.4901
0.6430,0.0000,0.0000,0.0001,0.6415,0.0014,200,4700.1081
0.6105,0.0000,0.0000,0.0001,0.6084,0.0019,200,4700.7511
0.6439,0.0000,0.0000,0.0001,0.6424,0.0013,200,4701.3616
0.6279,0.0000,0.0000,0.0000,0.6259,0.0019,200,4702.0055
0.6198,0.0000,0.0000,0.0001,0.6181,0.0016,200,4702.6334
0.6301,0.0000,0.0000,0.0001,0.6288,0.0012,200,4703.2532
0.6283,0.0000,0.0000,0.0001,0.6264,0.0018,200,4703.8833
0.6360,0.0000,0.0000,0.0001,0.6346,0.0012,200,4704.5116
0.6139,0.0000,0.0000,0.0001,0.6118,0.0021,200,4705.1476
0.6459,0.0000,0.0000,0.0001,0.6440,0.0018,200,4705.7615
0.6321,0.0000,0.0000,0.0001,0.6302,0.0018,200,4706.4074
0.6286,0.0000,0.0000,0.0001,0.6264,0.0021,200,4707.0395
0.6178,0.0000,0.0000,0.0001,0.6152,0.0024,200,4707.6682
0.6317,0.0000,0.0000,0.0001,0.6297,0.0019,200,4708.2860
0.6154,0.0000,0.0000,0.0001,0.6137,0.0017,200,4708.9177
0.6461,0.0000,0.0000,0.0001,0.6440,0.0019,200,4709.5331
0.6118,0.0000,0.0000,0.0001,0.6101,0.0016,200,4710.1792
0.6338,0.0000,0.0000,0.0001,0.6288,0.0050,200,4710.7911
0.6102,0.0000,0.0000,0.0001,0.6087,0.0014,200,4711.4249
0.6253,0.0000,0.0000,0.0001,0.6240,0.0012,200,4712.0351
0.6452,0.0000,0.0000,0.0000,0.6431,0.0020,200,4712.6604
0.6385,0.0000,0.0000,0.0001,0.6370,0.0014,200,4713.3055
0.6493,0.0000,0.0000,0.0001,0.6473,0.0019,200,4713.9441
0.6162,0.0000,0.0000,0.0001,0.6141,0.0019,200,4714.5934
0.6262,0.0000,0.0000,0.0001,0.6243,0.0017,200,4715.2095
0.6770,0.0000,0.0000,0.0001,0.6754,0.0014,200,4715.8358
0.8766,0.0000,0.0000,0.0001,0.8749,0.0015,200,4716.5127
0.6194,0.0000,0.0000,0.0001,0.6176,0.0017,200,4717.3893
0.6279,0.0000,0.0000,0.0001,0.6260,0.0017,200,4718.0087
0.6393,0.0000,0.0000,0.0001,0.6375,0.0016,200,4718.6367
0.6521,0.0000,0.0000,0.0001,0.6502,0.0017,200,4719.2759
0.6071,0.0000,0.0000,0.0000,0.6054,0.0015,200,4719.9280
0.6172,0.0000,0.0000,0.0001,0.6161,0.0011,200,4720.5351
0.6268,0.0000,0.0000,0.0000,0.6249,0.0018,200,4721.1523
0.6415,0.0000,0.0000,0.0001,0.6394,0.0019,200,4721.7791
0.6458,0.0000,0.0000,0.0001,0.6449,0.0008,200,4722.4206
0.6252,0.0000,0.0000,0.0001,0.6236,0.0015,200,4723.0665
0.6451,0.0000,0.0000,0.0001,0.6436,0.0014,200,4723.6917
0.6143,0.0000,0.0000,0.0001,0.6125,0.0018,200,4724.3368
0.6313,0.0000,0.0000,0.0001,0.6300,0.0011,200,4724.9511
0.6007,0.0000,0.0000,0.0000,0.5989,0.0017,200,4725.5824
0.6505,0.0000,0.0000,0.0001,0.6479,0.0025,200,4726.1831
0.6116,0.0000,0.0000,0.0001,0.6098,0.0016,200,4726.8336
0.6535,0.0000,0.0000,0.0001,0.6521,0.0012,200,4727.4452
0.6436,0.0000,0.0000,0.0000,0.6433,0.0002,200,4728.0987
0.6353,0.0000,0.0000,0.0001,0.6332,0.0020,200,4728.7423
0.6352,0.0000,0.0000,0.0001,0.6335,0.0015,200,4729.3776
0.6204,0.0000,0.0000,0.0001,0.6185,0.0017,200,4730.0128
0.6169,0.0000,0.0000,0.0001,0.6149,0.0019,200,4730.6332
0.6635,0.0000,0.0000,0.0001,0.6618,0.0016,200,4731.2501
0.6371,0.0000,0.0000,0.0001,0.6352,0.0018,200,4731.9136
0.6219,0.0000,0.0000,0.0001,0.6202,0.0016,200,4732.5507
0.6363,0.0000,0.0000,0.0001,0.6343,0.0018,200,4733.1725
0.6350,0.0000,0.0000,0.0001,0.6331,0.0017,200,4733.8088
0.6208,0.0000,0.0000,0.0001,0.6188,0.0018,200,4734.4438
0.5976,0.0000,0.0000,0.0001,0.5968,0.0006,200,4735.0646
0.6046,0.0000,0.0000,0.0000,0.6027,0.0018,200,4735.6622
0.6266,0.0000,0.0000,0.0001,0.6248,0.0018,200,4736.2668
0.6585,0.0000,0.0000,0.0001,0.6571,0.0013,200,4736.8935
0.6520,0.0000,0.0000,0.0000,0.6504,0.0015,200,4737.5520
0.6207,0.0000,0.0000,0.0001,0.6188,0.0017,200,4738.2040
0.6358,0.0000,0.0000,0.0001,0.6341,0.0016,200,4738.8247
0.6640,0.0000,0.0000,0.0002,0.6621,0.0017,200,4739.4605
0.6623,0.0000,0.0000,0.0001,0.6609,0.0012,200,4740.1246
0.6226,0.0000,0.0000,0.0001,0.6210,0.0015,200,4740.7868
0.6401,0.0000,0.0000,0.0001,0.6385,0.0015,200,4741.4094
0.6232,0.0000,0.0000,0.0001,0.6212,0.0018,200,4742.0495
0.6076,0.0000,0.0000,0.0001,0.6058,0.0017,200,4742.6727
0.6392,0.0000,0.0000,0.0001,0.6372,0.0019,200,4743.2803
0.6542,0.0000,0.0000,0.0001,0.6525,0.0016,200,4743.9195
0.6441,0.0000,0.0000,0.0001,0.6426,0.0014,200,4744.5737
0.6081,0.0000,0.0000,0.0001,0.6062,0.0018,200,4745.2178
0.6085,0.0000,0.0000,0.0001,0.6069,0.0016,200,4745.8259
0.6100,0.0000,0.0000,0.0000,0.6081,0.0018,200,4746.4344
0.6271,0.0000,0.0000,0.0001,0.6258,0.0012,200,4747.0445
0.6373,0.0000,0.0000,0.0001,0.6352,0.0020,200,4747.6716
0.6182,0.0000,0.0000,0.0001,0.6164,0.0017,200,4748.3089
0.6265,0.0000,0.0000,0.0001,0.6244,0.0020,200,4748.9271
0.6494,0.0000,0.0000,0.0001,0.6479,0.0014,200,4749.5537
0.6295,0.0000,0.0000,0.0001,0.6274,0.0019,200,4750.2031
0.6207,0.0000,0.0000,0.0001,0.6187,0.0018,200,4750.8326
0.6282,0.0000,0.0000,0.0001,0.6263,0.0018,200,4751.4533
0.6473,0.0000,0.0000,0.0001,0.6452,0.0019,200,4752.0815
0.6267,0.0000,0.0000,0.0001,0.6251,0.0014,200,4752.7288
0.6300,0.0000,0.0000,0.0001,0.6283,0.0015,200,4753.3555
0.6204,0.0000,0.0000,0.0001,0.6186,0.0016,200,4753.9855
0.6313,0.0000,0.0000,0.0001,0.6292,0.0019,200,4754.6059
0.6166,0.0000,0.0000,0.0001,0.6155,0.0010,200,4755.2372
0.6380,0.0000,0.0000,0.0001,0.6365,0.0014,200,4755.8539
0.6448,0.0000,0.0000,0.0001,0.6429,0.0017,200,4756.4919
0.6687,0.0000,0.0000,0.0001,0.6668,0.0017,200,4757.1367
0.6355,0.0000,0.0000,0.0001,0.6337,0.0017,200,4757.8054
0.6134,0.0000,0.0000,0.0001,0.6119,0.0014,200,4758.4409
0.6113,0.0000,0.0000,0.0001,0.6098,0.0013,200,4759.0543
0.6383,0.0000,0.0000,0.0001,0.6364,0.0018,200,4759.6656
0.6325,0.0000,0.0000,0.0001,0.6302,0.0021,200,4760.3039
0.6368,0.0000,0.0000,0.0001,0.6364,0.0003,200,4760.9364
0.6117,0.0000,0.0000,0.0001,0.6098,0.0018,200,4761.5732
0.6363,0.0000,0.0000,0.0001,0.6345,0.0016,200,4762.1849
0.6636,0.0000,0.0000,0.0001,0.6615,0.0018,200,4762.8212
0.6068,0.0000,0.0000,0.0001,0.6052,0.0015,200,4763.4848
0.6249,0.0000,0.0000,0.0001,0.6231,0.0016,200,4764.0915
0.6337,0.0000,0.0000,0.0002,0.6310,0.0024,200,4764.7165
0.6143,0.0000,0.0000,0.0001,0.6125,0.0016,200,4765.3502
0.6192,0.0000,0.0000,0.0001,0.6170,0.0019,200,4765.9645
0.6697,0.0000,0.0000,0.0001,0.6675,0.0021,200,4766.5836
0.6822,0.0000,0.0000,0.0001,0.6799,0.0021,200,4767.2534
0.6662,0.0000,0.0000,0.0001,0.6650,0.0011,200,4767.9356
0.6197,0.0000,0.0000,0.0001,0.6175,0.0022,200,4768.6018
0.6244,0.0000,0.0000,0.0001,0.6232,0.0011,200,4769.2216
0.6254,0.0000,0.0000,0.0001,0.6242,0.0011,200,4769.8460
0.6341,0.0000,0.0000,0.0000,0.6321,0.0019,200,4770.4714
0.6342,0.0000,0.0000,0.0001,0.6325,0.0016,200,4771.1056
0.6197,0.0000,0.0000,0.0001,0.6180,0.0016,200,4771.7398
0.6454,0.0000,0.0000,0.0001,0.6437,0.0016,200,4772.3595
0.6507,0.0000,0.0000,0.0001,0.6490,0.0015,200,4773.0049
0.6148,0.0000,0.0000,0.0000,0.6130,0.0017,200,4773.6556
0.6463,0.0000,0.0000,0.0001,0.6445,0.0016,200,4774.2704
0.6474,0.0000,0.0000,0.0001,0.6459,0.0014,200,4774.9168
0.6202,0.0000,0.0000,0.0001,0.6185,0.0015,200,4775.5642
0.6651,0.0000,0.0000,0.0001,0.6631,0.0019,200,4776.1844
0.6142,0.0000,0.0000,0.0001,0.6131,0.0011,200,4776.8495
0.6662,0.0000,0.0000,0.0001,0.6641,0.0020,200,4777.4637
0.6662,0.0000,0.0000,0.0001,0.6650,0.0011,200,4778.1299
0.6394,0.0000,0.0000,0.0001,0.6378,0.0014,200,4778.7961
0.6339,0.0000,0.0000,0.0001,0.6318,0.0020,200,4779.4355
0.6162,0.0000,0.0000,0.0000,0.6145,0.0016,200,4780.0694
0.6160,0.0000,0.0000,0.0001,0.6140,0.0019,200,4780.6856
0.6235,0.0000,0.0000,0.0001,0.6225,0.0008,200,4781.3015
0.6314,0.0000,0.0000,0.0000,0.6303,0.0011,200,4781.9250
0.6195,0.0000,0.0000,0.0000,0.6179,0.0016,200,4782.5564
0.6921,0.0000,0.0000,0.0001,0.6903,0.0016,200,4783.1760
0.6195,0.0000,0.0000,0.0001,0.6178,0.0017,200,4783.8681
0.6402,0.0000,0.0000,0.0001,0.6384,0.0017,200,4784.4876
0.6281,0.0000,0.0000,0.0002,0.6272,0.0006,200,4785.1278
0.6215,0.0000,0.0000,0.0000,0.6200,0.0015,200,4785.7559
0.6288,0.0000,0.0000,0.0001,0.6273,0.0014,200,4786.3775
0.6257,0.0000,0.0000,0.0001,0.6240,0.0016,200,4787.0062
0.6504,0.0000,0.0000,0.0001,0.6487,0.0016,200,4787.6319
0.6558,0.0000,0.0000,0.0001,0.6547,0.0010,200,4788.2824
0.6256,0.0000,0.0000,0.0001,0.6239,0.0015,200,4788.9382
0.6365,0.0000,0.0000,0.0001,0.6346,0.0017,200,4789.5638
0.6464,0.0000,0.0000,0.0001,0.6453,0.0010,200,4790.2003
0.6401,0.0000,0.0000,0.0000,0.6392,0.0009,200,4790.8467
0.6383,0.0000,0.0000,0.0000,0.6372,0.0011,200,4791.4868
0.6444,0.0000,0.0000,0.0000,0.6426,0.0018,200,4792.1251
0.6342,0.0000,0.0000,0.0001,0.6325,0.0015,200,4792.7695
0.6273,0.0000,0.0000,0.0001,0.6262,0.0009,200,4793.4037
0.6291,0.0000,0.0000,0.0000,0.6271,0.0020,200,4794.0310
0.6093,0.0000,0.0000,0.0003,0.6075,0.0013,200,4794.6601
0.6122,0.0000,0.0000,0.0001,0.6111,0.0010,200,4795.2695
0.6059,0.0000,0.0000,0.0000,0.6051,0.0008,200,4795.8816
0.6093,0.0000,0.0000,0.0000,0.6081,0.0012,200,4796.4875
0.6356,0.0000,0.0000,0.0001,0.6345,0.0009,200,4797.0969
0.6262,0.0000,0.0000,0.0000,0.6251,0.0010,200,4797.7325
0.6249,0.0000,0.0000,0.0000,0.6238,0.0010,200,4798.3586
0.6221,0.0000,0.0000,0.0000,0.6211,0.0009,200,4798.9835
0.6159,0.0000,0.0000,0.0000,0.6146,0.0013,200,4799.6056
0.6053,0.0000,0.0000,0.0000,0.6041,0.0011,200,4800.2216
0.6070,0.0000,0.0000,0.0000,0.6054,0.0015,200,4800.8269
0.6375,0.0000,0.0000,0.0004,0.6360,0.0010,200,4801.4339
0.6129,0.0000,0.0000,0.0000,0.6119,0.0009,200,4802.0714
0.6210,0.0000,0.0000,0.0000,0.6203,0.0006,200,4802.6842
0.6135,0.0000,0.0000,0.0000,0.6127,0.0007,200,4803.3052
0.6193,0.0000,0.0000,0.0000,0.6182,0.0010,200,4803.9187
0.6232,0.0000,0.0000,0.0000,0.6224,0.0007,200,4804.5380
0.6218,0.0000,0.0000,0.0000,0.6210,0.0007,200,4805.1612
0.6299,0.0000,0.0000,0.0000,0.6283,0.0016,200,4805.7829
0.6172,0.0000,0.0000,0.0001,0.6163,0.0008,200,4806.4128
0.6306,0.0000,0.0000,0.0000,0.6297,0.0009,200,4807.0301
0.6369,0.0000,0.0000,0.0000,0.6354,0.0015,200,4807.6607
0.6581,0.0000,0.0000,0.0001,0.6567,0.0013,200,4808.2977
0.6104,0.0000,0.0000,0.0001,0.6084,0.0017,200,4808.9558
0.6017,0.0000,0.0000,0.0001,0.6000,0.0017,200,4809.5662
0.6126,0.0000,0.0000,0.0001,0.6108,0.0017,200,4810.1679
0.6228,0.0000,0.0000,0.0001,0.6213,0.0014,200,4810.7807
0.6267,0.0000,0.0000,0.0001,0.6248,0.0017,200,4811.4035
0.6198,0.0000,0.0000,0.0001,0.6189,0.0008,200,4812.0302
0.6294,0.0000,0.0000,0.0000,0.6277,0.0016,200,4812.6500
0.6126,0.0000,0.0000,0.0001,0.6119,0.0006,200,4813.2795
0.6133,0.0000,0.0000,0.0000,0.6122,0.0010,200,4813.8921
0.6152,0.0000,0.0000,0.0000,0.6138,0.0013,200,4814.5053
0.6173,0.0000,0.0000,0.0000,0.6161,0.0011,200,4815.1205
0.6218,0.0000,0.0000,0.0000,0.6203,0.0015,200,4815.7379
0.6066,0.0000,0.0000,0.0001,0.6058,0.0008,200,4816.3597
0.6189,0.0000,0.0000,0.0000,0.6174,0.0014,200,4816.9663
0.6299,0.0000,0.0000,0.0000,0.6283,0.0015,200,4817.5852
0.6015,0.0000,0.0000,0.0000,0.6004,0.0011,200,4818.2151
0.6229,0.0000,0.0000,0.0000,0.6212,0.0017,200,4818.8166
0.6173,0.0000,0.0000,0.0001,0.6160,0.0012,200,4819.4395
0.6288,0.0000,0.0000,0.0001,0.6275,0.0009,200,4820.0569
0.6265,0.0000,0.0000,0.0000,0.6255,0.0009,200,4820.6856
0.6138,0.0000,0.0000,0.0000,0.6128,0.0009,200,4821.3122
0.6261,0.0000,0.0000,0.0000,0.6245,0.0015,200,4821.9259
0.6188,0.0000,0.0000,0.0001,0.6172,0.0016,200,4822.5520
0.6127,0.0000,0.0000,0.0001,0.6110,0.0016,200,4823.1709
0.6204,0.0000,0.0000,0.0001,0.6184,0.0019,200,4823.7836
0.6156,0.0000,0.0000,0.0001,0.6142,0.0012,200,4824.4040
0.6259,0.0000,0.0000,0.0001,0.6240,0.0018,200,4825.0196
0.6216,0.0000,0.0000,0.0001,0.6198,0.0017,200,4825.6455
0.6080,0.0000,0.0000,0.0001,0.6067,0.0012,200,4826.2671
0.6303,0.0000,0.0000,0.0000,0.6285,0.0017,200,4826.8751
0.6594,0.0000,0.0000,0.0001,0.6570,0.0023,200,4827.5055
0.6401,0.0000,0.0000,0.0001,0.6383,0.0017,200,4828.1649
0.6555,0.0000,0.0000,0.0001,0.6538,0.0016,200,4828.8050
0.6258,0.0000,0.0000,0.0001,0.6255,0.0002,200,4829.4605
0.6359,0.0000,0.0000,0.0001,0.6341,0.0017,200,4830.0863
0.6458,0.0000,0.0000,0.0001,0.6440,0.0017,200,4830.7222
0.6160,0.0000,0.0000,0.0001,0.6143,0.0017,200,4831.3681
0.6300,0.0000,0.0000,0.0001,0.6287,0.0011,200,4831.9841
0.6386,0.0000,0.0000,0.0001,0.6367,0.0018,200,4832.6141
0.6071,0.0000,0.0000,0.0001,0.6055,0.0015,200,4833.2527
0.6318,0.0000,0.0000,0.0001,0.6300,0.0016,200,4833.8598
0.6152,0.0000,0.0000,0.0001,0.6137,0.0013,200,4834.4917
0.6113,0.0000,0.0000,0.0001,0.6096,0.0016,200,4835.1068
0.6193,0.0000,0.0000,0.0001,0.6175,0.0016,200,4835.7181
0.6262,0.0000,0.0000,0.0001,0.6245,0.0016,200,4836.3374
0.6482,0.0000,0.0000,0.0001,0.6466,0.0015,200,4836.9636
0.6297,0.0000,0.0000,0.0001,0.6279,0.0017,200,4837.6118
0.6292,0.0000,0.0000,0.0001,0.6280,0.0011,200,4838.2416
0.6644,0.0000,0.0000,0.0000,0.6626,0.0017,200,4838.8708
0.6353,0.0000,0.0000,0.0001,0.6337,0.0015,200,4839.5352
0.6097,0.0000,0.0000,0.0000,0.6083,0.0013,200,4840.1705
0.6389,0.0000,0.0000,0.0001,0.6375,0.0012,200,4840.7802
0.7106,0.0000,0.0000,0.0001,0.7088,0.0017,200,4841.4191
0.6214,0.0000,0.0000,0.0001,0.6201,0.0012,200,4842.1298
0.6720,0.0000,0.0000,0.0001,0.6701,0.0018,200,4842.7512
0.6089,0.0000,0.0000,0.0001,0.6075,0.0013,200,4843.4232
0.6250,0.0000,0.0000,0.0001,0.6233,0.0016,200,4844.0320
0.6448,0.0000,0.0000,0.0001,0.6437,0.0010,200,4844.6570
0.6385,0.0000,0.0000,0.0001,0.6370,0.0014,200,4845.3019
0.6533,0.0000,0.0000,0.0001,0.6508,0.0024,200,4845.9404
0.6502,0.0000,0.0000,0.0001,0.6486,0.0014,200,4846.5937
0.6154,0.0000,0.0000,0.0001,0.6139,0.0013,200,4847.2439
0.6228,0.0000,0.0000,0.0001,0.6214,0.0013,200,4847.8593
0.6064,0.0000,0.0000,0.0001,0.6045,0.0017,200,4848.4821
0.6742,0.0000,0.0000,0.0001,0.6724,0.0015,200,4849.0885
0.5941,0.0000,0.0000,0.0001,0.5923,0.0017,200,4849.7627
0.6292,0.0000,0.0000,0.0001,0.6281,0.0010,200,4850.3568
0.6119,0.0000,0.0000,0.0000,0.6116,0.0002,200,4850.9860
0.6155,0.0000,0.0000,0.0001,0.6139,0.0014,200,4851.5979
0.6175,0.0000,0.0000,0.0001,0.6161,0.0013,200,4852.2134
0.6536,0.0000,0.0000,0.0000,0.6518,0.0017,200,4852.8310
0.6173,0.0000,0.0000,0.0001,0.6155,0.0016,200,4853.4845
0.6486,0.0000,0.0000,0.0001,0.6470,0.0015,200,4854.1019
0.6315,0.0000,0.0000,0.0001,0.6302,0.0012,200,4854.7505
0.6201,0.0000,0.0000,0.0001,0.6179,0.0021,200,4855.3820
0.6215,0.0000,0.0000,0.0001,0.6199,0.0015,200,4856.0020
0.6367,0.0000,0.0000,0.0001,0.6349,0.0016,200,4856.6236
0.6457,0.0000,0.0000,0.0001,0.6438,0.0018,200,4857.2603
0.6279,0.0000,0.0000,0.0001,0.6261,0.0016,200,4857.9059
0.6206,0.0000,0.0000,0.0001,0.6189,0.0016,200,4858.5338
0.6020,0.0000,0.0000,0.0001,0.6001,0.0018,200,4859.1545
0.6071,0.0000,0.0000,0.0001,0.6052,0.0018,200,4859.7564
0.6471,0.0000,0.0000,0.0001,0.6455,0.0014,200,4860.3635
0.6171,0.0000,0.0000,0.0001,0.6153,0.0017,200,4861.0106
0.6272,0.0000,0.0000,0.0000,0.6256,0.0014,200,4861.6277
0.6313,0.0000,0.0000,0.0001,0.6294,0.0017,200,4862.2549
0.6180,0.0000,0.0000,0.0001,0.6160,0.0019,200,4862.8862
0.6136,0.0000,0.0000,0.0001,0.6122,0.0013,200,4863.5042
0.6257,0.0000,0.0000,0.0001,0.6245,0.0011,200,4864.1178
0.6138,0.0000,0.0000,0.0001,0.6122,0.0015,200,4864.7435
0.6226,0.0000,0.0000,0.0001,0.6211,0.0014,200,4865.3573
0.6197,0.0000,0.0000,0.0001,0.6178,0.0018,200,4865.9800
0.6233,0.0000,0.0000,0.0001,0.6219,0.0013,200,4866.5997
0.6294,0.0000,0.0000,0.0001,0.6276,0.0017,200,4867.2230
0.6351,0.0000,0.0000,0.0002,0.6335,0.0014,200,4867.8525
1.0476,0.0000,0.0000,0.0001,1.0458,0.0018,200,4868.4876
0.6567,0.0000,0.0000,0.0001,0.6549,0.0017,200,4869.5353
0.6129,0.0000,0.0000,0.0001,0.6110,0.0018,200,4870.1920
0.6633,0.0000,0.0000,0.0001,0.6614,0.0018,200,4870.8049
0.6304,0.0000,0.0000,0.0001,0.6287,0.0016,200,4871.4682
0.6247,0.0000,0.0000,0.0001,0.6225,0.0021,200,4872.0986
0.6611,0.0000,0.0000,0.0001,0.6593,0.0016,200,4872.7233
0.6358,0.0000,0.0000,0.0001,0.6341,0.0015,200,4873.3844
0.6225,0.0000,0.0000,0.0001,0.6207,0.0016,200,4874.0202
0.6410,0.0000,0.0000,0.0001,0.6390,0.0019,200,4874.6427
0.6305,0.0000,0.0000,0.0001,0.6292,0.0012,200,4875.2838
0.6086,0.0000,0.0000,0.0000,0.6077,0.0008,200,4875.9143
0.6270,0.0000,0.0000,0.0000,0.6254,0.0015,200,4876.5229
0.6182,0.0000,0.0000,0.0001,0.6167,0.0014,200,4877.1499
0.6383,0.0000,0.0000,0.0001,0.6365,0.0016,200,4877.7682
0.6169,0.0000,0.0000,0.0001,0.6153,0.0015,200,4878.4065
0.6161,0.0000,0.0000,0.0001,0.6140,0.0020,200,4879.0234
0.6581,0.0000,0.0000,0.0001,0.6564,0.0015,200,4879.6396
0.6373,0.0000,0.0000,0.0001,0.6370,0.0002,200,4880.2976
0.6133,0.0000,0.0000,0.0001,0.6116,0.0016,200,4880.9349
0.6328,0.0000,0.0000,0.0001,0.6312,0.0015,200,4881.5482
0.6598,0.0000,0.0000,0.0001,0.6576,0.0020,200,4882.1811
0.6710,0.0000,0.0000,0.0001,0.6693,0.0016,200,4882.8409
0.6401,0.0000,0.0000,0.0001,0.6380,0.0020,200,4883.5119
0.6469,0.0000,0.0000,0.0001,0.6452,0.0015,200,4884.1520
0.6365,0.0000,0.0000,0.0001,0.6346,0.0017,200,4884.7989
0.6226,0.0000,0.0000,0.0001,0.6207,0.0018,200,4885.4353
0.6480,0.0000,0.0000,0.0000,0.6462,0.0016,200,4886.0580
0.6257,0.0000,0.0000,0.0001,0.6239,0.0016,200,4886.7059
0.6312,0.0000,0.0000,0.0000,0.6294,0.0017,200,4887.3316
0.6289,0.0000,0.0000,0.0001,0.6268,0.0020,200,4887.9628
0.6165,0.0000,0.0000,0.0001,0.6149,0.0015,200,4888.5917
0.6412,0.0000,0.0000,0.0001,0.6398,0.0012,200,4889.2082
0.6284,0.0000,0.0000,0.0000,0.6272,0.0012,200,4889.8494
0.6310,0.0000,0.0000,0.0000,0.6292,0.0017,200,4890.4778
0.6157,0.0000,0.0000,0.0001,0.6140,0.0016,200,4891.1088
0.6452,0.0000,0.0000,0.0001,0.6437,0.0012,200,4891.7245
0.6547,0.0000,0.0000,0.0001,0.6528,0.0018,200,4892.3697
0.6269,0.0000,0.0000,0.0002,0.6250,0.0016,200,4893.0244
0.6150,0.0000,0.0000,0.0001,0.6134,0.0014,200,4893.6513
0.6157,0.0000,0.0000,0.0001,0.6145,0.0011,200,4894.2662
0.6305,0.0000,0.0000,0.0001,0.6285,0.0019,200,4894.8819
0.6263,0.0000,0.0000,0.0001,0.6251,0.0011,200,4895.5125
0.6152,0.0000,0.0000,0.0001,0.6134,0.0016,200,4896.1387
0.6337,0.0000,0.0000,0.0001,0.6318,0.0017,200,4896.7539
0.6313,0.0000,0.0000,0.0001,0.6296,0.0016,200,4897.3876
0.6257,0.0000,0.0000,0.0001,0.6237,0.0020,200,4898.0189
0.6342,0.0000,0.0000,0.0001,0.6328,0.0012,200,4898.6446
0.6214,0.0000,0.0000,0.0001,0.6202,0.0011,200,4899.2789
0.6276,0.0000,0.0000,0.0000,0.6265,0.0011,200,4899.9003
0.6585,0.0000,0.0000,0.0000,0.6568,0.0015,200,4900.5279
0.6219,0.0000,0.0000,0.0001,0.6200,0.0017,200,4901.1863
0.6281,0.0000,0.0000,0.0001,0.6265,0.0014,200,4901.8082
0.6317,0.0000,0.0000,0.0001,0.6300,0.0015,200,4902.4363
0.6122,0.0000,0.0000,0.0001,0.6106,0.0015,200,4903.0680
0.6080,0.0000,0.0000,0.0001,0.6062,0.0015,200,4903.6802
0.6391,0.0000,0.0000,0.0001,0.6370,0.0019,200,4904.2882
0.6668,0.0000,0.0000,0.0000,0.6654,0.0013,200,4904.9273
0.6350,0.0000,0.0000,0.0001,0.6337,0.0012,200,4905.5941
0.6185,0.0000,0.0000,0.0000,0.6176,0.0008,200,4906.2292
0.6432,0.0000,0.0000,0.0001,0.6390,0.0041,200,4906.8477
0.6477,0.0000,0.0000,0.0006,0.6433,0.0038,200,4907.4909
0.6209,0.0000,0.0000,0.0001,0.6193,0.0015,200,4908.1387
0.6225,0.0000,0.0000,0.0001,0.6207,0.0017,200,4908.7596
0.6555,0.0000,0.0000,0.0001,0.6538,0.0016,200,4909.3821
0.6147,0.0000,0.0000,0.0001,0.6127,0.0019,200,4910.0376
0.7695,0.0000,0.0000,0.0001,0.7678,0.0015,200,4910.6523
0.6652,0.0000,0.0000,0.0001,0.6638,0.0013,200,4911.4218
0.6514,0.0000,0.0000,0.0001,0.6503,0.0009,200,4912.0870
0.6188,0.0000,0.0000,0.0001,0.6170,0.0017,200,4912.7384
0.6333,0.0000,0.0000,0.0001,0.6314,0.0017,200,4913.3572
0.6368,0.0000,0.0000,0.0001,0.6349,0.0017,200,4913.9905
0.6251,0.0000,0.0000,0.0001,0.6236,0.0014,200,4914.6273
0.6493,0.0000,0.0000,0.0001,0.6473,0.0019,200,4915.2524
0.6225,0.0000,0.0000,0.0001,0.6216,0.0009,200,4915.9017
0.6392,0.0000,0.0000,0.0001,0.6372,0.0018,200,4916.5242
0.6437,0.0000,0.0000,0.0001,0.6422,0.0014,200,4917.1635
0.6142,0.0000,0.0000,0.0001,0.6124,0.0017,200,4917.8072
0.6283,0.0000,0.0000,0.0001,0.6262,0.0019,200,4918.4214
0.6014,0.0000,0.0000,0.0001,0.5996,0.0017,200,4919.0497
0.6129,0.0000,0.0000,0.0001,0.6117,0.0011,200,4919.6511
0.6537,0.0000,0.0000,0.0001,0.6515,0.0021,200,4920.2640
0.6769,0.0000,0.0000,0.0001,0.6751,0.0016,200,4920.9177
0.6297,0.0000,0.0000,0.0002,0.6270,0.0022,200,4921.5946
0.6202,0.0000,0.0000,0.0001,0.6180,0.0020,200,4922.2243
0.6453,0.0000,0.0000,0.0001,0.6444,0.0008,200,4922.8445
0.6276,0.0000,0.0000,0.0000,0.6264,0.0012,200,4923.4898
0.6045,0.0000,0.0000,0.0001,0.6016,0.0027,200,4924.1174
0.6484,0.0000,0.0000,0.0001,0.6468,0.0015,200,4924.7219
0.6259,0.0000,0.0000,0.0001,0.6242,0.0015,200,4925.3703
0.6404,0.0000,0.0000,0.0001,0.6386,0.0018,200,4925.9962
0.6192,0.0000,0.0000,0.0001,0.6172,0.0018,200,4926.6366
0.6074,0.0000,0.0000,0.0001,0.6058,0.0015,200,4927.2559
0.6150,0.0000,0.0000,0.0001,0.6131,0.0018,200,4927.8633
0.6133,0.0000,0.0000,0.0001,0.6114,0.0017,200,4928.4783
0.6420,0.0000,0.0000,0.0000,0.6400,0.0018,200,4929.0916
0.6348,0.0000,0.0000,0.0001,0.6331,0.0016,200,4929.7336
0.6487,0.0000,0.0000,0.0001,0.6469,0.0017,200,4930.3684
0.6204,0.0000,0.0000,0.0001,0.6188,0.0015,200,4931.0171
0.6344,0.0000,0.0000,0.0001,0.6328,0.0015,200,4931.6375
0.6712,0.0000,0.0000,0.0001,0.6691,0.0020,200,4932.2719
0.6073,0.0000,0.0000,0.0001,0.6062,0.0010,200,4932.9431
0.6509,0.0000,0.0000,0.0000,0.6492,0.0016,200,4933.5504
0.6324,0.0000,0.0000,0.0001,0.6306,0.0017,200,4934.2013
0.6480,0.0000,0.0000,0.0001,0.6463,0.0016,200,4934.8337
0.6235,0.0000,0.0000,0.0001,0.6226,0.0008,200,4935.4818
0.6362,0.0000,0.0000,0.0000,0.6352,0.0010,200,4936.1053
0.6381,0.0000,0.0000,0.0001,0.6365,0.0016,200,4936.7415
0.6298,0.0000,0.0000,0.0001,0.6279,0.0018,200,4937.3797
0.6266,0.0000,0.0000,0.0001,0.6246,0.0019,200,4938.0095
0.6415,0.0000,0.0000,0.0001,0.6400,0.0014,200,4938.6361
0.6208,0.0000,0.0000,0.0001,0.6191,0.0015,200,4939.2776
0.6284,0.0000,0.0000,0.0001,0.6272,0.0010,200,4939.8984
0.6084,0.0000,0.0000,0.0000,0.6073,0.0010,200,4940.5268
0.6096,0.0000,0.0000,0.0000,0.6079,0.0017,200,4941.1351
0.6261,0.0000,0.0000,0.0001,0.6244,0.0015,200,4941.7447
0.6317,0.0000,0.0000,0.0001,0.6303,0.0012,200,4942.3708
0.6288,0.0000,0.0000,0.0001,0.6276,0.0011,200,4943.0024
0.6151,0.0000,0.0000,0.0000,0.6148,0.0002,200,4943.6312
0.6402,0.0000,0.0000,0.0001,0.6384,0.0017,200,4944.2464
0.6368,0.0000,0.0000,0.0001,0.6349,0.0017,200,4944.8865
0.6285,0.0000,0.0000,0.0001,0.6277,0.0007,200,4945.5233
0.6028,0.0000,0.0000,0.0000,0.6016,0.0012,200,4946.1518
0.6174,0.0000,0.0000,0.0001,0.6160,0.0013,200,4946.7547
0.6409,0.0000,0.0000,0.0001,0.6389,0.0018,200,4947.3720
0.6260,0.0000,0.0000,0.0001,0.6243,0.0016,200,4948.0130
0.6408,0.0000,0.0000,0.0001,0.6388,0.0019,200,4948.6390
0.6314,0.0000,0.0000,0.0001,0.6296,0.0017,200,4949.2798
0.6228,0.0000,0.0000,0.0001,0.6209,0.0017,200,4949.9112
0.6236,0.0000,0.0000,0.0001,0.6190,0.0045,200,4950.5340
0.6441,0.0000,0.0000,0.0001,0.6404,0.0036,200,4951.1576
0.6411,0.0000,0.0000,0.0001,0.6395,0.0015,200,4951.8016
0.6223,0.0000,0.0000,0.0001,0.6205,0.0016,200,4952.4427
0.6130,0.0000,0.0000,0.0001,0.6117,0.0012,200,4953.0650
0.6457,0.0000,0.0000,0.0000,0.6437,0.0020,200,4953.6779
0.6201,0.0000,0.0000,0.0001,0.6161,0.0039,200,4954.3237
0.6301,0.0000,0.0000,0.0002,0.6287,0.0011,200,4954.9438
0.6308,0.0000,0.0000,0.0001,0.6290,0.0017,200,4955.5739
0.7191,0.0000,0.0000,0.0000,0.7173,0.0018,200,4956.2047
0.6502,0.0000,0.0000,0.0001,0.6488,0.0012,200,4956.9239
0.6413,0.0000,0.0000,0.0001,0.6397,0.0016,200,4957.5740
0.6379,0.0000,0.0000,0.0001,0.6362,0.0016,200,4958.2154
0.6681,0.0000,0.0000,0.0001,0.6660,0.0018,200,4958.8533
0.6300,0.0000,0.0000,0.0001,0.6286,0.0012,200,4959.5214
0.6129,0.0000,0.0000,0.0001,0.6113,0.0014,200,4960.1514
0.6315,0.0000,0.0000,0.0001,0.6294,0.0020,200,4960.7644
0.6317,0.0000,0.0000,0.0001,0.6295,0.0016,200,4961.3959
0.6787,0.0000,0.0000,0.0001,0.6774,0.0011,200,4962.0276
0.6351,0.0000,0.0000,0.0001,0.6331,0.0018,200,4962.7063
0.6203,0.0000,0.0000,0.0001,0.6184,0.0018,200,4963.3413
0.6148,0.0000,0.0000,0.0001,0.6131,0.0016,200,4963.9617
0.6335,0.0000,0.0000,0.0001,0.6319,0.0014,200,4964.5764
0.6073,0.0000,0.0000,0.0001,0.6057,0.0015,200,4965.2099
0.6920,0.0000,0.0000,0.0001,0.6902,0.0017,200,4965.8173
0.6284,0.0000,0.0000,0.0001,0.6268,0.0015,200,4966.5092
0.6376,0.0000,0.0000,0.0001,0.6360,0.0015,200,4967.1376
0.6253,0.0000,0.0000,0.0001,0.6234,0.0018,200,4967.7752
0.6643,0.0000,0.0000,0.0001,0.6628,0.0013,200,4968.4006
0.6291,0.0000,0.0000,0.0001,0.6272,0.0019,200,4969.0649
0.6308,0.0000,0.0000,0.0001,0.6289,0.0018,200,4969.6940
0.6784,0.0000,0.0000,0.0001,0.6768,0.0014,200,4970.3248
0.6440,0.0000,0.0000,0.0001,0.6427,0.0012,200,4971.0032
0.6034,0.0000,0.0000,0.0000,0.6016,0.0017,200,4971.6472
0.6410,0.0000,0.0000,0.0001,0.6394,0.0015,200,4972.2506
0.6317,0.0000,0.0000,0.0001,0.6300,0.0016,200,4972.8916
0.6130,0.0000,0.0000,0.0001,0.6112,0.0017,200,4973.5233
0.6219,0.0000,0.0000,0.0001,0.6201,0.0017,200,4974.1363
0.6340,0.0000,0.0000,0.0001,0.6326,0.0013,200,4974.7582
0.6110,0.0000,0.0000,0.0001,0.6099,0.0010,200,4975.3923
0.6465,0.0000,0.0000,0.0000,0.6448,0.0016,200,4976.0033
0.6415,0.0000,0.0000,0.0001,0.6404,0.0010,200,4976.6498
0.6150,0.0000,0.0000,0.0000,0.6135,0.0015,200,4977.2913
0.6113,0.0000,0.0000,0.0001,0.6099,0.0013,200,4977.9063
0.6215,0.0000,0.0000,0.0001,0.6190,0.0023,200,4978.5176
0.6384,0.0000,0.0000,0.0001,0.6369,0.0014,200,4979.1391
0.6365,0.0000,0.0000,0.0002,0.6347,0.0015,200,4979.7774
0.6261,0.0000,0.0000,0.0001,0.6239,0.0021,200,4980.4139
0.6511,0.0000,0.0000,0.0001,0.6496,0.0014,200,4981.0400
0.6609,0.0000,0.0000,0.0001,0.6589,0.0019,200,4981.6911
0.6730,0.0000,0.0000,0.0001,0.6712,0.0016,200,4982.3520
0.6207,0.0000,0.0000,0.0001,0.6190,0.0016,200,4983.0250
0.6770,0.0000,0.0000,0.0000,0.6750,0.0019,200,4983.6457
0.6541,0.0000,0.0000,0.0001,0.6521,0.0019,200,4984.3227
0.6367,0.0000,0.0000,0.0002,0.6345,0.0019,200,4984.9769
0.6173,0.0000,0.0000,0.0001,0.6160,0.0012,200,4985.6135
0.6267,0.0000,0.0000,0.0001,0.6251,0.0015,200,4986.2308
0.6061,0.0000,0.0000,0.0001,0.6052,0.0008,200,4986.8575
0.6321,0.0000,0.0000,0.0000,0.6305,0.0016,200,4987.4637
0.6114,0.0000,0.0000,0.0001,0.6096,0.0017,200,4988.0958
0.6168,0.0000,0.0000,0.0001,0.6150,0.0017,200,4988.7072
0.6359,0.0000,0.0000,0.0001,0.6340,0.0017,200,4989.3240
0.6610,0.0000,0.0000,0.0001,0.6591,0.0017,200,4989.9599
0.6699,0.0000,0.0000,0.0001,0.6679,0.0019,200,4990.6208
0.6508,0.0000,0.0000,0.0001,0.6468,0.0039,200,4991.2907
0.6280,0.0000,0.0000,0.0001,0.6260,0.0019,200,4991.9415
0.6266,0.0000,0.0000,0.0001,0.6247,0.0018,200,4992.5695
0.6149,0.0000,0.0000,0.0001,0.6137,0.0011,200,4993.1961
0.6362,0.0000,0.0000,0.0001,0.6346,0.0015,200,4993.8111
0.6251,0.0000,0.0000,0.0001,0.6232,0.0018,200,4994.4472
0.6393,0.0000,0.0000,0.0001,0.6371,0.0021,200,4995.0724
0.6465,0.0000,0.0000,0.0001,0.6455,0.0009,200,4995.7117
0.6700,0.0000,0.0000,0.0001,0.6682,0.0016,200,4996.3583
0.6380,0.0000,0.0000,0.0001,0.6368,0.0011,200,4997.0283
0.6525,0.0000,0.0000,0.0000,0.6507,0.0017,200,4997.6663
0.6300,0.0000,0.0000,0.0001,0.6284,0.0015,200,4998.3188
0.6273,0.0000,0.0000,0.0001,0.6261,0.0011,200,4998.9489
0.6192,0.0000,0.0000,0.0000,0.6169,0.0021,200,4999.5762
0.6269,0.0000,0.0000,0.0001,0.6250,0.0016,200,5000.1954
0.6102,0.0000,0.0000,0.0001,0.6086,0.0015,200,5000.8223
0.6112,0.0000,0.0000,0.0001,0.6095,0.0016,200,5001.4325
0.6570,0.0000,0.0000,0.0001,0.6557,0.0012,200,5002.0437
0.6194,0.0000,0.0000,0.0000,0.6178,0.0016,200,5002.7007
0.6436,0.0000,0.0000,0.0001,0.6421,0.0013,200,5003.3201
0.6266,0.0000,0.0000,0.0000,0.6250,0.0015,200,5003.9637
0.6215,0.0000,0.0000,0.0001,0.6196,0.0017,200,5004.5903
0.6413,0.0000,0.0000,0.0001,0.6396,0.0016,200,5005.2118
0.6208,0.0000,0.0000,0.0001,0.6196,0.0011,200,5005.8531
0.6301,0.0000,0.0000,0.0001,0.6283,0.0016,200,5006.4740
0.6294,0.0000,0.0000,0.0001,0.6272,0.0021,200,5007.1040
0.6314,0.0000,0.0000,0.0001,0.6294,0.0018,200,5007.7334
0.6189,0.0000,0.0000,0.0001,0.6173,0.0015,200,5008.3648
0.6827,0.0000,0.0000,0.0001,0.6813,0.0012,200,5008.9837
0.6251,0.0000,0.0000,0.0001,0.6234,0.0017,200,5009.6664
0.6582,0.0000,0.0000,0.0001,0.6557,0.0024,200,5010.2915
0.6526,0.0000,0.0000,0.0001,0.6510,0.0015,200,5010.9497
0.6513,0.0000,0.0000,0.0001,0.6494,0.0019,200,5011.6023
0.6359,0.0000,0.0000,0.0001,0.6351,0.0008,200,5012.2536
0.6300,0.0000,0.0000,0.0000,0.6281,0.0019,200,5012.8895
0.6330,0.0000,0.0000,0.0001,0.6311,0.0017,200,5013.5196
0.6152,0.0000,0.0000,0.0001,0.6134,0.0015,200,5014.1525
0.6088,0.0000,0.0000,0.0001,0.6070,0.0017,200,5014.7678
0.6555,0.0000,0.0000,0.0001,0.6528,0.0026,200,5015.3768
0.6020,0.0000,0.0000,0.0001,0.6007,0.0011,200,5016.0323
0.6377,0.0000,0.0000,0.0001,0.6359,0.0017,200,5016.6343
0.6266,0.0000,0.0000,0.0001,0.6252,0.0012,200,5017.2720
0.6281,0.0000,0.0000,0.0000,0.6259,0.0021,200,5017.8986
0.6445,0.0000,0.0000,0.0001,0.6426,0.0018,200,5018.5267
0.6783,0.0000,0.0000,0.0001,0.6764,0.0018,200,5019.1713
0.6288,0.0000,0.0000,0.0001,0.6279,0.0008,200,5019.8496
0.6181,0.0000,0.0000,0.0000,0.6165,0.0015,200,5020.4784
0.6289,0.0000,0.0000,0.0001,0.6247,0.0040,200,5021.0965
0.6582,0.0000,0.0000,0.0001,0.6563,0.0017,200,5021.7254
0.6319,0.0000,0.0000,0.0001,0.6300,0.0017,200,5022.3837
0.6068,0.0000,0.0000,0.0001,0.6052,0.0015,200,5023.0155
0.6339,0.0000,0.0000,0.0001,0.6321,0.0017,200,5023.6223
0.6158,0.0000,0.0000,0.0001,0.6141,0.0015,200,5024.2562
0.6377,0.0000,0.0000,0.0001,0.6359,0.0016,200,5024.8720
0.6249,0.0000,0.0000,0.0001,0.6233,0.0015,200,5025.5097
0.6156,0.0000,0.0000,0.0001,0.6138,0.0017,200,5026.1346
0.6334,0.0000,0.0000,0.0001,0.6311,0.0021,200,5026.7502
0.6242,0.0000,0.0000,0.0001,0.6225,0.0016,200,5027.3836
0.6527,0.0000,0.0000,0.0001,0.6510,0.0015,200,5028.0078
0.6195,0.0000,0.0000,0.0001,0.6178,0.0016,200,5028.6605
0.5997,0.0000,0.0000,0.0001,0.5979,0.0017,200,5029.2800
0.6400,0.0000,0.0000,0.0001,0.6384,0.0015,200,5029.8797
0.7002,0.0000,0.0000,0.0001,0.6988,0.0013,200,5030.5197
0.6154,0.0000,0.0000,0.0001,0.6134,0.0018,200,5031.2199
0.6278,0.0000,0.0000,0.0001,0.6262,0.0014,200,5031.8353
0.6326,0.0000,0.0000,0.0001,0.6309,0.0016,200,5032.4631
0.6314,0.0000,0.0000,0.0001,0.6300,0.0013,200,5033.0957
0.6615,0.0000,0.0000,0.0001,0.6595,0.0018,200,5033.7271
0.6309,0.0000,0.0000,0.0001,0.6293,0.0014,200,5034.3886
0.6319,0.0000,0.0000,0.0001,0.6303,0.0015,200,5035.0195
0.6326,0.0000,0.0000,0.0001,0.6308,0.0017,200,5035.6515
0.6214,0.0000,0.0000,0.0001,0.6198,0.0014,200,5036.2841
0.6328,0.0000,0.0000,0.0001,0.6320,0.0007,200,5036.9055
0.6294,0.0000,0.0000,0.0000,0.6276,0.0017,200,5037.5383
0.6260,0.0000,0.0000,0.0001,0.6240,0.0018,200,5038.1677
0.6139,0.0000,0.0000,0.0001,0.6123,0.0015,200,5038.7937
0.6281,0.0000,0.0000,0.0001,0.6262,0.0018,200,5039.4076
0.6181,0.0000,0.0000,0.0001,0.6161,0.0018,200,5040.0357
0.6212,0.0000,0.0000,0.0001,0.6194,0.0013,200,5040.6538
0.6339,0.0000,0.0000,0.0000,0.6314,0.0023,200,5041.2750
0.6130,0.0000,0.0000,0.0001,0.6113,0.0016,200,5041.9089
0.6429,0.0000,0.0000,0.0001,0.6412,0.0016,200,5042.5219
0.6056,0.0000,0.0000,0.0000,0.6041,0.0013,200,5043.1648
0.6319,0.0000,0.0000,0.0000,0.6304,0.0014,200,5043.7704
0.6434,0.0000,0.0000,0.0001,0.6418,0.0016,200,5044.4023
0.6338,0.0000,0.0000,0.0000,0.6318,0.0019,200,5045.0457
0.6156,0.0000,0.0000,0.0001,0.6139,0.0016,200,5045.6795
0.6162,0.0000,0.0000,0.0001,0.6144,0.0016,200,5046.2951
0.6166,0.0000,0.0000,0.0001,0.6150,0.0015,200,5046.9112
0.6449,0.0000,0.0000,0.0001,0.6431,0.0016,200,5047.5279
0.6315,0.0000,0.0000,0.0001,0.6298,0.0016,200,5048.1728
0.6311,0.0000,0.0000,0.0001,0.6300,0.0010,200,5048.8043
0.6246,0.0000,0.0000,0.0000,0.6230,0.0015,200,5049.4353
0.6376,0.0000,0.0000,0.0001,0.6363,0.0011,200,5050.0599
0.6150,0.0000,0.0000,0.0001,0.6131,0.0019,200,5050.6976
0.6352,0.0000,0.0000,0.0001,0.6329,0.0021,200,5051.3126
0.6492,0.0000,0.0000,0.0001,0.6476,0.0015,200,5051.9478
0.6307,0.0000,0.0000,0.0001,0.6290,0.0016,200,5052.5971
0.6292,0.0000,0.0000,0.0001,0.6282,0.0008,200,5053.2278
0.6309,0.0000,0.0000,0.0000,0.6294,0.0014,200,5053.8570
0.6089,0.0000,0.0000,0.0000,0.6072,0.0016,200,5054.4878
0.6307,0.0000,0.0000,0.0001,0.6290,0.0015,200,5055.0968
0.6501,0.0000,0.0000,0.0001,0.6481,0.0018,200,5055.7274
0.6327,0.0000,0.0000,0.0001,0.6312,0.0014,200,5056.3775
0.6422,0.0000,0.0000,0.0001,0.6399,0.0021,200,5057.0102
0.6103,0.0000,0.0000,0.0001,0.6084,0.0016,200,5057.6525
0.5957,0.0000,0.0000,0.0001,0.5943,0.0014,200,5058.2628
0.6475,0.0000,0.0000,0.0001,0.6461,0.0014,200,5058.8585
0.6132,0.0000,0.0000,0.0001,0.6116,0.0015,200,5059.5061
0.6155,0.0000,0.0000,0.0000,0.6138,0.0017,200,5060.1193
0.6347,0.0000,0.0000,0.0001,0.6327,0.0018,200,5060.7349
0.6304,0.0000,0.0000,0.0001,0.6285,0.0018,200,5061.3695
0.6631,0.0000,0.0000,0.0001,0.6612,0.0018,200,5062.0000
0.6234,0.0000,0.0000,0.0001,0.6230,0.0003,200,5062.6631
0.6151,0.0000,0.0000,0.0001,0.6137,0.0014,200,5063.2865
0.6317,0.0000,0.0000,0.0001,0.6295,0.0020,200,5063.9017
0.6639,0.0000,0.0000,0.0001,0.6622,0.0015,200,5064.5333
0.6409,0.0000,0.0000,0.0001,0.6392,0.0016,200,5065.1972
0.6163,0.0000,0.0000,0.0001,0.6142,0.0019,200,5065.8381
0.6329,0.0000,0.0000,0.0001,0.6312,0.0016,200,5066.4544
0.6322,0.0000,0.0000,0.0001,0.6305,0.0016,200,5067.0873
0.6154,0.0000,0.0000,0.0001,0.6136,0.0017,200,5067.7195
0.6087,0.0000,0.0000,0.0001,0.6074,0.0013,200,5068.3348
0.5979,0.0000,0.0000,0.0001,0.5961,0.0016,200,5068.9436
0.6249,0.0000,0.0000,0.0001,0.6232,0.0016,200,5069.5415
0.6287,0.0000,0.0000,0.0001,0.6268,0.0018,200,5070.1663
0.6227,0.0000,0.0000,0.0001,0.6208,0.0018,200,5070.7950
0.6650,0.0000,0.0000,0.0001,0.6638,0.0011,200,5071.4178
0.6819,0.0000,0.0000,0.0001,0.6804,0.0014,200,5072.0828
0.6162,0.0000,0.0000,0.0001,0.6137,0.0023,200,5072.7647
0.6269,0.0000,0.0000,0.0001,0.6254,0.0014,200,5073.3809
0.6129,0.0000,0.0000,0.0000,0.6108,0.0019,200,5074.0078
0.7135,0.0000,0.0000,0.0001,0.7119,0.0015,200,5074.6207
0.6616,0.0000,0.0000,0.0001,0.6600,0.0016,200,5075.3342
0.6264,0.0000,0.0000,0.0001,0.6248,0.0014,200,5075.9959
0.6340,0.0000,0.0000,0.0001,0.6323,0.0015,200,5076.6222
0.6325,0.0000,0.0000,0.0000,0.6308,0.0016,200,5077.2562
0.6612,0.0000,0.0000,0.0001,0.6591,0.0020,200,5077.8887
0.6312,0.0000,0.0000,0.0000,0.6297,0.0014,200,5078.5499
0.6220,0.0000,0.0000,0.0001,0.6202,0.0016,200,5079.1812
0.6507,0.0000,0.0000,0.0001,0.6492,0.0013,200,5079.8031
0.6451,0.0000,0.0000,0.0001,0.6439,0.0011,200,5080.4538
0.6092,0.0000,0.0000,0.0001,0.6068,0.0023,200,5081.0989
0.6182,0.0000,0.0000,0.0001,0.6165,0.0015,200,5081.7081
0.6279,0.0000,0.0000,0.0001,0.6261,0.0017,200,5082.3263
0.6096,0.0000,0.0000,0.0001,0.6081,0.0014,200,5082.9542
0.6061,0.0000,0.0000,0.0001,0.6041,0.0019,200,5083.5638
0.6155,0.0000,0.0000,0.0001,0.6138,0.0016,200,5084.1698
0.6442,0.0000,0.0000,0.0001,0.6423,0.0017,200,5084.7854
0.6246,0.0000,0.0000,0.0001,0.6222,0.0022,200,5085.4296
0.6361,0.0000,0.0000,0.0001,0.6351,0.0009,200,5086.0542
0.6415,0.0000,0.0000,0.0001,0.6401,0.0013,200,5086.6903
0.6194,0.0000,0.0000,0.0002,0.6178,0.0013,200,5087.3318
0.6195,0.0000,0.0000,0.0001,0.6177,0.0017,200,5087.9512
0.6211,0.0000,0.0000,0.0001,0.6195,0.0014,200,5088.5707
0.6427,0.0000,0.0000,0.0001,0.6416,0.0010,200,5089.1918
0.6078,0.0000,0.0000,0.0000,0.6064,0.0013,200,5089.8345
0.6297,0.0000,0.0000,0.0000,0.6281,0.0015,200,5090.4423
0.6284,0.0000,0.0000,0.0001,0.6266,0.0017,200,5091.0719
0.6283,0.0000,0.0000,0.0001,0.6266,0.0016,200,5091.7003
0.6111,0.0000,0.0000,0.0001,0.6093,0.0016,200,5092.3286
0.6374,0.0000,0.0000,0.0001,0.6353,0.0020,200,5092.9398
0.6359,0.0000,0.0000,0.0001,0.6340,0.0018,200,5093.5772
0.6016,0.0000,0.0000,0.0001,0.6014,0.0001,200,5094.2131
0.6120,0.0000,0.0000,0.0000,0.6106,0.0014,200,5094.8148
0.6292,0.0000,0.0000,0.0001,0.6277,0.0014,200,5095.4268
0.6195,0.0000,0.0000,0.0001,0.6174,0.0019,200,5096.0559
0.6282,0.0000,0.0000,0.0001,0.6275,0.0006,200,5096.6754
0.6217,0.0000,0.0000,0.0000,0.6202,0.0015,200,5097.3036
0.6343,0.0000,0.0000,0.0001,0.6328,0.0014,200,5097.9253
0.6295,0.0000,0.0000,0.0001,0.6273,0.0021,200,5098.5596
0.6444,0.0000,0.0000,0.0000,0.6431,0.0011,200,5099.1892
0.6336,0.0000,0.0000,0.0000,0.6322,0.0013,200,5099.8335
0.6606,0.0000,0.0000,0.0000,0.6588,0.0017,200,5100.4671
0.6281,0.0000,0.0000,0.0003,0.6258,0.0018,200,5101.1277
0.6175,0.0000,0.0000,0.0001,0.6155,0.0019,200,5101.7558
0.6149,0.0000,0.0000,0.0001,0.6131,0.0017,200,5102.3734
0.6091,0.0000,0.0000,0.0001,0.6073,0.0016,200,5102.9883
0.6323,0.0000,0.0000,0.0001,0.6304,0.0018,200,5103.5974
0.6032,0.0000,0.0000,0.0001,0.6016,0.0014,200,5104.2297
0.6343,0.0000,0.0000,0.0001,0.6326,0.0015,200,5104.8329
0.6527,0.0000,0.0000,0.0001,0.6509,0.0017,200,5105.4671
0.6157,0.0000,0.0000,0.0001,0.6142,0.0014,200,5106.1198
0.6248,0.0000,0.0000,0.0001,0.6229,0.0017,200,5106.7355
0.6524,0.0000,0.0000,0.0001,0.6505,0.0018,200,5107.3603
0.6550,0.0000,0.0000,0.0001,0.6537,0.0013,200,5108.0127
0.6452,0.0000,0.0000,0.0001,0.6428,0.0022,200,5108.6678
0.6569,0.0000,0.0000,0.0001,0.6547,0.0022,200,5109.3129
0.6376,0.0000,0.0000,0.0001,0.6357,0.0018,200,5109.9699
0.6194,0.0000,0.0000,0.0001,0.6179,0.0014,200,5110.6075
0.6008,0.0000,0.0000,0.0001,0.5989,0.0017,200,5111.2269
0.6350,0.0000,0.0000,0.0001,0.6332,0.0017,200,5111.8277
0.6062,0.0000,0.0000,0.0001,0.6046,0.0014,200,5112.4627
0.6485,0.0000,0.0000,0.0001,0.6467,0.0016,200,5113.0689
0.6300,0.0000,0.0000,0.0001,0.6284,0.0015,200,5113.7174
0.6163,0.0000,0.0000,0.0001,0.6145,0.0017,200,5114.3474
0.6393,0.0000,0.0000,0.0001,0.6374,0.0018,200,5114.9638
0.6587,0.0000,0.0000,0.0001,0.6567,0.0018,200,5115.6031
0.6264,0.0000,0.0000,0.0001,0.6253,0.0010,200,5116.2618
0.6234,0.0000,0.0000,0.0000,0.6219,0.0015,200,5116.8882
0.6262,0.0000,0.0000,0.0001,0.6246,0.0015,200,5117.5116
0.6185,0.0000,0.0000,0.0001,0.6172,0.0012,200,5118.1378
0.6198,0.0000,0.0000,0.0001,0.6182,0.0015,200,5118.7564
0.6562,0.0000,0.0000,0.0001,0.6542,0.0018,200,5119.3762
0.6858,0.0000,0.0000,0.0001,0.6839,0.0018,200,5120.0324
0.6466,0.0000,0.0000,0.0001,0.6444,0.0021,200,5120.7182
0.6288,0.0000,0.0000,0.0001,0.6272,0.0015,200,5121.3648
0.6364,0.0000,0.0000,0.0001,0.6352,0.0010,200,5121.9936
0.6379,0.0000,0.0000,0.0001,0.6358,0.0020,200,5122.6300
0.6069,0.0000,0.0000,0.0002,0.6048,0.0019,200,5123.2679
0.6263,0.0000,0.0000,0.0001,0.6239,0.0023,200,5123.8748
0.6559,0.0000,0.0000,0.0001,0.6541,0.0017,200,5124.5011
0.6765,0.0000,0.0000,0.0001,0.6754,0.0010,200,5125.1570
0.6518,0.0000,0.0000,0.0001,0.6497,0.0020,200,5125.8336
0.6196,0.0000,0.0000,0.0001,0.6187,0.0008,200,5126.4854
0.6371,0.0000,0.0000,0.0000,0.6342,0.0028,200,5127.1050
0.6362,0.0000,0.0000,0.0001,0.6348,0.0011,200,5127.7421
0.6201,0.0000,0.0000,0.0000,0.6174,0.0026,200,5128.3782
0.6335,0.0000,0.0000,0.0001,0.6319,0.0015,200,5128.9984
0.6479,0.0000,0.0000,0.0001,0.6461,0.0017,200,5129.6319
0.6125,0.0000,0.0000,0.0001,0.6107,0.0017,200,5130.2798
0.6086,0.0000,0.0000,0.0001,0.6072,0.0013,200,5130.8923
0.6431,0.0000,0.0000,0.0001,0.6416,0.0015,200,5131.5009
0.6262,0.0000,0.0000,0.0001,0.6241,0.0020,200,5132.1440
0.6360,0.0000,0.0000,0.0001,0.6344,0.0015,200,5132.7703
0.6526,0.0000,0.0000,0.0001,0.6502,0.0023,200,5133.4063
0.6390,0.0000,0.0000,0.0001,0.6377,0.0011,200,5134.0589
0.6150,0.0000,0.0000,0.0000,0.6134,0.0015,200,5134.6979
0.6388,0.0000,0.0000,0.0001,0.6370,0.0016,200,5135.3129
0.6120,0.0000,0.0000,0.0001,0.6107,0.0011,200,5135.9517
0.6230,0.0000,0.0000,0.0000,0.6211,0.0019,200,5136.5637
0.6389,0.0000,0.0000,0.0000,0.6376,0.0012,200,5137.1867
0.6310,0.0000,0.0000,0.0001,0.6292,0.0016,200,5137.8256
0.6224,0.0000,0.0000,0.0002,0.6206,0.0015,200,5138.4566
0.6122,0.0000,0.0000,0.0001,0.6103,0.0017,200,5139.0790
0.6267,0.0000,0.0000,0.0001,0.6255,0.0010,200,5139.6912
0.6176,0.0000,0.0000,0.0001,0.6155,0.0020,200,5140.3178
0.6217,0.0000,0.0000,0.0001,0.6199,0.0016,200,5140.9355
0.6349,0.0000,0.0000,0.0001,0.6333,0.0015,200,5141.5572
0.6173,0.0000,0.0000,0.0001,0.6152,0.0020,200,5142.1922
0.6334,0.0000,0.0000,0.0002,0.6315,0.0016,200,5142.8095
0.6265,0.0000,0.0000,0.0001,0.6246,0.0018,200,5143.4429
0.6393,0.0000,0.0000,0.0001,0.6374,0.0018,200,5144.0695
0.6178,0.0000,0.0000,0.0001,0.6160,0.0016,200,5144.7088
0.6591,0.0000,0.0000,0.0001,0.6572,0.0018,200,5145.3265
0.6527,0.0000,0.0000,0.0001,0.6511,0.0014,200,5145.9857
0.6263,0.0000,0.0000,0.0001,0.6248,0.0014,200,5146.6384
0.6292,0.0000,0.0000,0.0001,0.6268,0.0021,200,5147.2646
0.6416,0.0000,0.0000,0.0001,0.6399,0.0016,200,5147.8939
0.6462,0.0000,0.0000,0.0001,0.6452,0.0008,200,5148.5355
0.6324,0.0000,0.0000,0.0001,0.6307,0.0015,200,5149.1817
0.6158,0.0000,0.0000,0.0001,0.6143,0.0014,200,5149.8141
0.6155,0.0000,0.0000,0.0001,0.6135,0.0018,200,5150.4299
0.6160,0.0000,0.0000,0.0001,0.6141,0.0018,200,5151.0453
0.6220,0.0000,0.0000,0.0001,0.6199,0.0019,200,5151.6614
0.6306,0.0000,0.0000,0.0001,0.6293,0.0012,200,5152.2833
0.6155,0.0000,0.0000,0.0001,0.6137,0.0017,200,5152.9139
0.6304,0.0000,0.0000,0.0001,0.6288,0.0015,200,5153.5294
0.6209,0.0000,0.0000,0.0001,0.6190,0.0018,200,5154.1598
0.6133,0.0000,0.0000,0.0001,0.6117,0.0015,200,5154.7808
0.6465,0.0000,0.0000,0.0001,0.6452,0.0011,200,5155.3941
0.6697,0.0000,0.0000,0.0001,0.6681,0.0014,200,5156.0406
0.6757,0.0000,0.0000,0.0001,0.6740,0.0015,200,5156.7102
0.6294,0.0000,0.0000,0.0001,0.6277,0.0015,200,5157.3859
0.6373,0.0000,0.0000,0.0001,0.6356,0.0015,200,5158.0153
0.6290,0.0000,0.0000,0.0001,0.6273,0.0016,200,5158.6526
0.6400,0.0000,0.0000,0.0001,0.6382,0.0018,200,5159.2817
0.6465,0.0000,0.0000,0.0001,0.6449,0.0015,200,5159.9217
0.6350,0.0000,0.0000,0.0001,0.6332,0.0017,200,5160.5682
0.6462,0.0000,0.0000,0.0001,0.6442,0.0018,200,5161.2033
0.6377,0.0000,0.0000,0.0000,0.6344,0.0031,200,5161.8494
0.6373,0.0000,0.0000,0.0002,0.6354,0.0015,200,5162.4871
0.6133,0.0000,0.0000,0.0001,0.6125,0.0007,200,5163.1244
0.6168,0.0000,0.0000,0.0001,0.6142,0.0025,200,5163.7377
0.6143,0.0000,0.0000,0.0001,0.6132,0.0008,200,5164.3545
0.6249,0.0000,0.0000,0.0000,0.6234,0.0014,200,5164.9688
0.6248,0.0000,0.0000,0.0001,0.6237,0.0010,200,5165.5937
0.6254,0.0000,0.0000,0.0001,0.6235,0.0018,200,5166.2185
0.6736,0.0000,0.0000,0.0001,0.6715,0.0019,200,5166.8439
0.6246,0.0000,0.0000,0.0000,0.6227,0.0018,200,5167.5175
0.6168,0.0000,0.0000,0.0001,0.6152,0.0015,200,5168.1421
0.6123,0.0000,0.0000,0.0001,0.6104,0.0017,200,5168.7589
0.6441,0.0000,0.0000,0.0001,0.6421,0.0018,200,5169.3712
0.6307,0.0000,0.0000,0.0000,0.6294,0.0012,200,5170.0153
0.6375,0.0000,0.0000,0.0001,0.6356,0.0018,200,5170.6460
0.6150,0.0000,0.0000,0.0001,0.6137,0.0012,200,5171.2835
0.6246,0.0000,0.0000,0.0002,0.6234,0.0008,200,5171.8985
0.6210,0.0000,0.0000,0.0000,0.6192,0.0018,200,5172.5231
0.6264,0.0000,0.0000,0.0001,0.6244,0.0018,200,5173.1441
0.6150,0.0000,0.0000,0.0001,0.6130,0.0019,200,5173.7705
0.6418,0.0000,0.0000,0.0001,0.6401,0.0015,200,5174.3855
0.6427,0.0000,0.0000,0.0001,0.6416,0.0010,200,5175.0273
0.6211,0.0000,0.0000,0.0001,0.6194,0.0015,200,5175.6700
0.6786,0.0000,0.0000,0.0001,0.6767,0.0017,200,5176.2911
0.6157,0.0000,0.0000,0.0001,0.6149,0.0007,200,5176.9696
0.6179,0.0000,0.0000,0.0000,0.6163,0.0016,200,5177.5854
0.6267,0.0000,0.0000,0.0001,0.6248,0.0019,200,5178.2033
0.6346,0.0000,0.0000,0.0001,0.6338,0.0007,200,5178.8301
0.6303,0.0000,0.0000,0.0000,0.6294,0.0009,200,5179.4647
0.6256,0.0000,0.0000,0.0000,0.6236,0.0019,200,5180.0950
0.6349,0.0000,0.0000,0.0001,0.6336,0.0011,200,5180.7207
0.6350,0.0000,0.0000,0.0001,0.6331,0.0018,200,5181.3556
0.6428,0.0000,0.0000,0.0001,0.6409,0.0018,200,5181.9907
0.6520,0.0000,0.0000,0.0001,0.6503,0.0015,200,5182.6335
0.6611,0.0000,0.0000,0.0001,0.6596,0.0013,200,5183.2854
0.6231,0.0000,0.0000,0.0001,0.6210,0.0020,200,5183.9465
0.6310,0.0000,0.0000,0.0001,0.6293,0.0017,200,5184.5696
0.6263,0.0000,0.0000,0.0001,0.6248,0.0015,200,5185.2006
0.6184,0.0000,0.0000,0.0001,0.6168,0.0014,200,5185.8270
0.6356,0.0000,0.0000,0.0001,0.6338,0.0017,200,5186.4454
0.6238,0.0000,0.0000,0.0001,0.6222,0.0015,200,5187.0810
0.6364,0.0000,0.0000,0.0001,0.6340,0.0022,200,5187.7048
0.6605,0.0000,0.0000,0.0001,0.6586,0.0018,200,5188.3412
0.6358,0.0000,0.0000,0.0001,0.6341,0.0016,200,5189.0017
0.6188,0.0000,0.0000,0.0001,0.6170,0.0017,200,5189.6375
0.6230,0.0000,0.0000,0.0001,0.6212,0.0017,200,5190.2564
0.6364,0.0000,0.0000,0.0001,0.6344,0.0019,200,5190.8794
0.6494,0.0000,0.0000,0.0001,0.6477,0.0016,200,5191.5157
0.6346,0.0000,0.0000,0.0001,0.6322,0.0022,200,5192.1651
0.6202,0.0000,0.0000,0.0001,0.6182,0.0018,200,5192.7997
0.6134,0.0000,0.0000,0.0001,0.6116,0.0015,200,5193.4199
0.6251,0.0000,0.0000,0.0002,0.6236,0.0012,200,5194.0332
0.6371,0.0000,0.0000,0.0001,0.6352,0.0018,200,5194.6583
0.6400,0.0000,0.0000,0.0001,0.6379,0.0020,200,5195.2954
0.6565,0.0000,0.0000,0.0001,0.6548,0.0016,200,5195.9354
0.6090,0.0000,0.0000,0.0001,0.6071,0.0017,200,5196.5919
0.6162,0.0000,0.0000,0.0001,0.6149,0.0013,200,5197.2009
0.6701,0.0000,0.0000,0.0000,0.6684,0.0016,200,5197.8171
0.6197,0.0000,0.0000,0.0001,0.6181,0.0014,200,5198.4872
0.6085,0.0000,0.0000,0.0001,0.6070,0.0014,200,5199.1069
0.6902,0.0000,0.0000,0.0001,0.6882,0.0019,200,5199.7154
0.6389,0.0000,0.0000,0.0001,0.6372,0.0016,200,5200.4056
0.6225,0.0000,0.0000,0.0001,0.6204,0.0018,200,5201.0445
0.6430,0.0000,0.0000,0.0001,0.6410,0.0019,200,5201.6670
0.6434,0.0000,0.0000,0.0001,0.6414,0.0019,200,5202.3100
0.6204,0.0000,0.0000,0.0001,0.6181,0.0021,200,5202.9534
0.6298,0.0000,0.0000,0.0001,0.6290,0.0007,200,5203.5738
0.6171,0.0000,0.0000,0.0001,0.6150,0.0020,200,5204.2036
0.6434,0.0000,0.0000,0.0001,0.6416,0.0016,200,5204.8208
0.6293,0.0000,0.0000,0.0001,0.6274,0.0018,200,5205.4642
0.6702,0.0000,0.0000,0.0000,0.6686,0.0015,200,5206.0935
0.6431,0.0000,0.0000,0.0001,0.6414,0.0015,200,5206.7637
0.6289,0.0000,0.0000,0.0001,0.6276,0.0012,200,5207.4067
0.6463,0.0000,0.0000,0.0001,0.6447,0.0015,200,5208.0356
0.6177,0.0000,0.0000,0.0001,0.6164,0.0012,200,5208.6820
0.6240,0.0000,0.0000,0.0001,0.6225,0.0014,200,5209.2997
0.6433,0.0000,0.0000,0.0001,0.6423,0.0009,200,5209.9237
0.6446,0.0000,0.0000,0.0000,0.6432,0.0014,200,5210.5671
0.6224,0.0000,0.0000,0.0001,0.6203,0.0019,200,5211.2117
0.6251,0.0000,0.0000,0.0001,0.6233,0.0017,200,5211.8341
0.6582,0.0000,0.0000,0.0001,0.6569,0.0011,200,5212.4593
0.6441,0.0000,0.0000,0.0000,0.6419,0.0021,200,5213.1174
0.6397,0.0000,0.0000,0.0001,0.6375,0.0020,200,5213.7616
0.6643,0.0000,0.0000,0.0001,0.6623,0.0018,200,5214.4012
0.6174,0.0000,0.0000,0.0001,0.6158,0.0015,200,5215.0656
0.6385,0.0000,0.0000,0.0001,0.6367,0.0017,200,5215.6830
0.6304,0.0000,0.0000,0.0001,0.6287,0.0016,200,5216.3215
0.6260,0.0000,0.0000,0.0002,0.6241,0.0016,200,5216.9520
0.6127,0.0000,0.0000,0.0001,0.6110,0.0016,200,5217.5780
0.6521,0.0000,0.0000,0.0001,0.6506,0.0013,200,5218.1907
0.6654,0.0000,0.0000,0.0001,0.6634,0.0019,200,5218.8427
0.6232,0.0000,0.0000,0.0001,0.6225,0.0005,200,5219.5081
0.6168,0.0000,0.0000,0.0001,0.6152,0.0015,200,5220.1313
0.6409,0.0000,0.0000,0.0001,0.6396,0.0011,200,5220.7481
0.6625,0.0000,0.0000,0.0001,0.6608,0.0016,200,5221.3890
0.6331,0.0000,0.0000,0.0001,0.6312,0.0016,200,5222.0515
0.6495,0.0000,0.0000,0.0001,0.6480,0.0013,200,5222.6846
0.6148,0.0000,0.0000,0.0001,0.6131,0.0016,200,5223.3341
0.6310,0.0000,0.0000,0.0005,0.6283,0.0022,200,5223.9489
0.6199,0.0000,0.0000,0.0001,0.6184,0.0012,200,5224.5799
0.6155,0.0000,0.0000,0.0001,0.6140,0.0014,200,5225.1998
0.6142,0.0000,0.0000,0.0001,0.6128,0.0014,200,5225.8153
0.6223,0.0000,0.0000,0.0001,0.6208,0.0014,200,5226.4295
0.6091,0.0000,0.0000,0.0001,0.6075,0.0015,200,5227.0518
0.6488,0.0000,0.0000,0.0001,0.6471,0.0016,200,5227.6610
0.6289,0.0000,0.0000,0.0001,0.6275,0.0013,200,5228.3098
0.6421,0.0000,0.0000,0.0001,0.6403,0.0017,200,5228.9387
0.6303,0.0000,0.0000,0.0001,0.6294,0.0007,200,5229.5809
0.6240,0.0000,0.0000,0.0000,0.6223,0.0016,200,5230.2112
0.6505,0.0000,0.0000,0.0001,0.6488,0.0015,200,5230.8351
0.6191,0.0000,0.0000,0.0001,0.6173,0.0016,200,5231.4856
0.6466,0.0000,0.0000,0.0001,0.6446,0.0017,200,5232.1047
0.6222,0.0000,0.0000,0.0000,0.6199,0.0022,200,5232.7513
0.6249,0.0000,0.0000,0.0001,0.6233,0.0015,200,5233.3735
0.6252,0.0000,0.0000,0.0001,0.6235,0.0016,200,5233.9984
0.6092,0.0000,0.0000,0.0000,0.6073,0.0018,200,5234.6236
0.6121,0.0000,0.0000,0.0001,0.6104,0.0015,200,5235.2328
0.6506,0.0000,0.0000,0.0001,0.6489,0.0016,200,5235.8449
0.6349,0.0000,0.0000,0.0001,0.6332,0.0016,200,5236.4955
0.6240,0.0000,0.0000,0.0001,0.6224,0.0015,200,5237.1305
0.6414,0.0000,0.0000,0.0001,0.6394,0.0019,200,5237.7545
0.6395,0.0000,0.0000,0.0001,0.6386,0.0008,200,5238.3959
0.6316,0.0000,0.0000,0.0000,0.6298,0.0018,200,5239.0355
0.6716,0.0000,0.0000,0.0001,0.6698,0.0017,200,5239.6671
0.6468,0.0000,0.0000,0.0001,0.6449,0.0018,200,5240.3387
0.6281,0.0000,0.0000,0.0001,0.6268,0.0012,200,5240.9855
0.6564,0.0000,0.0000,0.0000,0.6549,0.0014,200,5241.6136
0.6374,0.0000,0.0000,0.0001,0.6356,0.0017,200,5242.2700
0.6419,0.0000,0.0000,0.0001,0.6406,0.0012,200,5242.9075
0.6269,0.0000,0.0000,0.0001,0.6247,0.0021,200,5243.5494
0.6432,0.0000,0.0000,0.0001,0.6416,0.0015,200,5244.1763
0.6232,0.0000,0.0000,0.0001,0.6219,0.0011,200,5244.8196
0.6071,0.0000,0.0000,0.0000,0.6060,0.0011,200,5245.4427
0.6072,0.0000,0.0000,0.0000,0.6052,0.0019,200,5246.0498
0.6104,0.0000,0.0000,0.0001,0.6086,0.0017,200,5246.6571
0.6328,0.0000,0.0000,0.0001,0.6311,0.0015,200,5247.2674
0.6044,0.0000,0.0000,0.0001,0.6027,0.0015,200,5247.9002
0.6328,0.0000,0.0000,0.0001,0.6306,0.0020,200,5248.5046
0.6364,0.0000,0.0000,0.0001,0.6349,0.0014,200,5249.1374
0.6088,0.0000,0.0000,0.0001,0.6069,0.0018,200,5249.7738
0.6315,0.0000,0.0000,0.0001,0.6298,0.0016,200,5250.3826
0.6407,0.0000,0.0000,0.0001,0.6389,0.0016,200,5251.0141
0.6269,0.0000,0.0000,0.0001,0.6250,0.0018,200,5251.6548
0.6444,0.0000,0.0000,0.0001,0.6426,0.0017,200,5252.2817
0.6282,0.0000,0.0000,0.0001,0.6267,0.0014,200,5252.9261
0.6251,0.0000,0.0000,0.0000,0.6240,0.0010,200,5253.5543
0.6221,0.0000,0.0000,0.0001,0.6204,0.0015,200,5254.1794
0.6393,0.0000,0.0000,0.0000,0.6374,0.0018,200,5254.8015
0.6223,0.0000,0.0000,0.0001,0.6206,0.0016,200,5255.4408
0.6246,0.0000,0.0000,0.0001,0.6230,0.0015,200,5256.0631
0.6401,0.0000,0.0000,0.0001,0.6377,0.0022,200,5256.6877
0.6738,0.0000,0.0000,0.0000,0.6724,0.0013,200,5257.3278
0.6219,0.0000,0.0000,0.0000,0.6200,0.0018,200,5258.0016
0.6543,0.0000,0.0000,0.0001,0.6522,0.0020,200,5258.6236
0.6759,0.0000,0.0000,0.0001,0.6735,0.0022,200,5259.2779
0.6239,0.0000,0.0000,0.0001,0.6220,0.0018,200,5259.9538
0.6365,0.0000,0.0000,0.0001,0.6345,0.0018,200,5260.5777
0.6146,0.0000,0.0000,0.0001,0.6127,0.0018,200,5261.2141
0.6354,0.0000,0.0000,0.0001,0.6332,0.0019,200,5261.8287
0.6071,0.0000,0.0000,0.0001,0.6050,0.0019,200,5262.4642
0.6088,0.0000,0.0000,0.0001,0.6069,0.0018,200,5263.0712
0.6508,0.0000,0.0000,0.0001,0.6486,0.0021,200,5263.6800
0.6421,0.0000,0.0000,0.0001,0.6405,0.0015,200,5264.3309
0.6433,0.0000,0.0000,0.0001,0.6418,0.0014,200,5264.9730
0.6375,0.0000,0.0000,0.0001,0.6335,0.0038,200,5265.6163
0.6144,0.0000,0.0000,0.0001,0.6126,0.0017,200,5266.2538
0.6265,0.0000,0.0000,0.0001,0.6249,0.0014,200,5266.8682
0.7015,0.0000,0.0000,0.0000,0.6993,0.0021,200,5267.4947
0.6206,0.0000,0.0000,0.0001,0.6186,0.0019,200,5268.1961
0.6224,0.0000,0.0000,0.0001,0.6205,0.0017,200,5268.8168
0.6580,0.0000,0.0000,0.0001,0.6571,0.0008,200,5269.4391
0.6224,0.0000,0.0000,0.0000,0.6208,0.0016,200,5270.0971
0.6138,0.0000,0.0000,0.0001,0.6119,0.0018,200,5270.7196
0.6063,0.0000,0.0000,0.0001,0.6050,0.0013,200,5271.3333
0.6259,0.0000,0.0000,0.0001,0.6237,0.0021,200,5271.9397
0.6149,0.0000,0.0000,0.0001,0.6129,0.0019,200,5272.5656
0.7128,0.0000,0.0000,0.0002,0.7114,0.0012,200,5273.1805
0.6281,0.0000,0.0000,0.0001,0.6263,0.0017,200,5273.8933
0.6326,0.0000,0.0000,0.0001,0.6316,0.0009,200,5274.5214
0.6224,0.0000,0.0000,0.0001,0.6207,0.0016,200,5275.1540
0.6194,0.0000,0.0000,0.0001,0.6174,0.0016,200,5275.7764
0.6358,0.0000,0.0000,0.0001,0.6339,0.0018,200,5276.3958
0.6542,0.0000,0.0000,0.0001,0.6523,0.0018,200,5277.0316
0.6337,0.0000,0.0000,0.0001,0.6328,0.0007,200,5277.6858
0.6380,0.0000,0.0000,0.0000,0.6362,0.0017,200,5278.3195
0.6440,0.0000,0.0000,0.0002,0.6425,0.0012,200,5278.9576
0.6599,0.0000,0.0000,0.0001,0.6582,0.0016,200,5279.6016
0.6313,0.0000,0.0000,0.0001,0.6294,0.0018,200,5280.2615
0.6200,0.0000,0.0000,0.0001,0.6180,0.0019,200,5280.8928
0.6262,0.0000,0.0000,0.0001,0.6246,0.0015,200,5281.5128
0.6402,0.0000,0.0000,0.0001,0.6384,0.0016,200,5282.1390
0.6321,0.0000,0.0000,0.0001,0.6302,0.0016,200,5282.7792
0.6416,0.0000,0.0000,0.0001,0.6397,0.0017,200,5283.4113
0.6165,0.0000,0.0000,0.0001,0.6145,0.0019,200,5284.0529
0.6681,0.0000,0.0000,0.0001,0.6663,0.0016,200,5284.6694
0.6167,0.0000,0.0000,0.0000,0.6151,0.0016,200,5285.3375
0.6283,0.0000,0.0000,0.0001,0.6270,0.0012,200,5285.9543
0.6349,0.0000,0.0000,0.0001,0.6327,0.0020,200,5286.5825
0.6098,0.0000,0.0000,0.0001,0.6083,0.0013,200,5287.2174
0.6536,0.0000,0.0000,0.0001,0.6520,0.0014,200,5287.8272
0.6295,0.0000,0.0000,0.0001,0.6276,0.0018,200,5288.4808
0.6149,0.0000,0.0000,0.0001,0.6129,0.0018,200,5289.1103
0.6178,0.0000,0.0000,0.0001,0.6170,0.0006,200,5289.7252
0.6123,0.0000,0.0000,0.0000,0.6112,0.0011,200,5290.3429
0.6446,0.0000,0.0000,0.0000,0.6432,0.0013,200,5290.9553
0.6353,0.0000,0.0000,0.0001,0.6335,0.0016,200,5291.5999
0.6225,0.0000,0.0000,0.0001,0.6211,0.0013,200,5292.2352
0.6192,0.0000,0.0000,0.0001,0.6175,0.0016,200,5292.8577
0.6089,0.0000,0.0000,0.0001,0.6073,0.0015,200,5293.4769
0.6362,0.0000,0.0000,0.0001,0.6349,0.0011,200,5294.0858
0.6092,0.0000,0.0000,0.0001,0.6073,0.0018,200,5294.7221
0.6273,0.0000,0.0000,0.0001,0.6254,0.0017,200,5295.3313
0.6613,0.0000,0.0000,0.0001,0.6592,0.0019,200,5295.9586
0.6503,0.0000,0.0000,0.0001,0.6485,0.0017,200,5296.6199
0.6323,0.0000,0.0000,0.0001,0.6307,0.0015,200,5297.2702
0.6434,0.0000,0.0000,0.0001,0.6424,0.0009,200,5297.9025
0.6059,0.0000,0.0000,0.0001,0.6042,0.0016,200,5298.5459
0.6376,0.0000,0.0000,0.0001,0.6358,0.0016,200,5299.1519
0.6213,0.0000,0.0000,0.0001,0.6204,0.0008,200,5299.7894
0.6237,0.0000,0.0000,0.0000,0.6219,0.0017,200,5300.4107
0.6585,0.0000,0.0000,0.0001,0.6568,0.0017,200,5301.0344
0.6196,0.0000,0.0000,0.0001,0.6179,0.0016,200,5301.6930
0.6308,0.0000,0.0000,0.0001,0.6285,0.0020,200,5302.3126
0.6081,0.0000,0.0000,0.0001,0.6063,0.0017,200,5302.9434
0.6298,0.0000,0.0000,0.0000,0.6283,0.0014,200,5303.5514
0.6261,0.0000,0.0000,0.0001,0.6245,0.0015,200,5304.1813
0.6057,0.0000,0.0000,0.0000,0.6042,0.0013,200,5304.8074
0.6266,0.0000,0.0000,0.0001,0.6249,0.0015,200,5305.4131
0.6385,0.0000,0.0000,0.0001,0.6369,0.0014,200,5306.0397
0.6111,0.0000,0.0000,0.0001,0.6090,0.0020,200,5306.6782
0.6326,0.0000,0.0000,0.0001,0.6304,0.0019,200,5307.2893
0.6425,0.0000,0.0000,0.0001,0.6404,0.0019,200,5307.9219
0.6055,0.0000,0.0000,0.0001,0.6037,0.0017,200,5308.5643
0.6292,0.0000,0.0000,0.0001,0.6278,0.0014,200,5309.1699
0.6217,0.0000,0.0000,0.0001,0.6199,0.0017,200,5309.7991
0.6548,0.0000,0.0000,0.0001,0.6529,0.0017,200,5310.4208
0.6472,0.0000,0.0000,0.0001,0.6452,0.0019,200,5311.0756
0.6338,0.0000,0.0000,0.0000,0.6322,0.0015,200,5311.7228
0.6253,0.0000,0.0000,0.0001,0.6233,0.0017,200,5312.3566
0.6073,0.0000,0.0000,0.0001,0.6053,0.0019,200,5312.9819
0.6401,0.0000,0.0000,0.0002,0.6388,0.0011,200,5313.5893
0.6531,0.0000,0.0000,0.0001,0.6514,0.0015,200,5314.2294
0.6459,0.0000,0.0000,0.0001,0.6442,0.0016,200,5314.8825
0.5964,0.0000,0.0000,0.0002,0.5944,0.0017,200,5315.5284
0.6617,0.0000,0.0000,0.0001,0.6603,0.0012,200,5316.1248
0.6288,0.0000,0.0000,0.0001,0.6271,0.0015,200,5316.7865
0.6427,0.0000,0.0000,0.0001,0.6418,0.0008,200,5317.4153
0.6438,0.0000,0.0000,0.0001,0.6421,0.0016,200,5318.0580
0.6334,0.0000,0.0000,0.0001,0.6315,0.0019,200,5318.7018
0.6216,0.0000,0.0000,0.0001,0.6195,0.0019,200,5319.3353
0.6199,0.0000,0.0000,0.0001,0.6186,0.0011,200,5319.9569
0.6527,0.0000,0.0000,0.0000,0.6509,0.0018,200,5320.5768
0.6167,0.0000,0.0000,0.0001,0.6148,0.0016,200,5321.2295
0.6372,0.0000,0.0000,0.0001,0.6360,0.0011,200,5321.8462
0.6163,0.0000,0.0000,0.0000,0.6144,0.0019,200,5322.4834
0.6073,0.0000,0.0000,0.0001,0.6056,0.0016,200,5323.0998
0.6230,0.0000,0.0000,0.0001,0.6211,0.0018,200,5323.7071
0.6379,0.0000,0.0000,0.0001,0.6364,0.0014,200,5324.3301
0.6433,0.0000,0.0000,0.0001,0.6415,0.0017,200,5324.9680
0.6146,0.0000,0.0000,0.0001,0.6129,0.0016,200,5325.6113
0.6347,0.0000,0.0000,0.0001,0.6328,0.0018,200,5326.2259
0.6352,0.0000,0.0000,0.0002,0.6327,0.0023,200,5326.8606
0.6152,0.0000,0.0000,0.0001,0.6138,0.0013,200,5327.4959
0.6169,0.0000,0.0000,0.0000,0.6150,0.0018,200,5328.1111
0.6279,0.0000,0.0000,0.0001,0.6262,0.0016,200,5328.7280
0.5954,0.0000,0.0000,0.0001,0.5936,0.0017,200,5329.3559
0.6610,0.0000,0.0000,0.0000,0.6597,0.0012,200,5329.9513
0.6143,0.0000,0.0000,0.0000,0.6129,0.0014,200,5330.6123
0.6252,0.0000,0.0000,0.0001,0.6233,0.0018,200,5331.2266
0.6680,0.0000,0.0000,0.0000,0.6662,0.0017,200,5331.8518
0.6071,0.0000,0.0000,0.0001,0.6053,0.0017,200,5332.5198
0.6253,0.0000,0.0000,0.0001,0.6235,0.0017,200,5333.1269
0.6226,0.0000,0.0000,0.0001,0.6211,0.0013,200,5333.7522
0.6387,0.0000,0.0000,0.0001,0.6370,0.0016,200,5334.3748
0.6144,0.0000,0.0000,0.0001,0.6130,0.0013,200,5335.0135
0.6000,0.0000,0.0000,0.0001,0.5979,0.0020,200,5335.6279
0.6190,0.0000,0.0000,0.0001,0.6172,0.0016,200,5336.2279
0.6649,0.0000,0.0000,0.0001,0.6635,0.0013,200,5336.8469
0.6021,0.0000,0.0000,0.0000,0.6003,0.0017,200,5337.5118
0.6508,0.0000,0.0000,0.0001,0.6488,0.0018,200,5338.1140
0.6408,0.0000,0.0000,0.0001,0.6376,0.0030,200,5338.7647
0.6313,0.0000,0.0000,0.0001,0.6297,0.0015,200,5339.4055
0.7304,0.0000,0.0000,0.0001,0.7295,0.0008,200,5340.0369
0.6165,0.0000,0.0000,0.0000,0.6155,0.0010,200,5340.7672
0.6378,0.0000,0.0000,0.0001,0.6358,0.0019,200,5341.3837
0.6198,0.0000,0.0000,0.0001,0.6178,0.0018,200,5342.0215
0.6535,0.0000,0.0000,0.0001,0.6523,0.0010,200,5342.6413
0.6052,0.0000,0.0000,0.0001,0.6037,0.0013,200,5343.2948
0.6213,0.0000,0.0000,0.0002,0.6196,0.0015,200,5343.9000
0.6410,0.0000,0.0000,0.0001,0.6395,0.0012,200,5344.5213
0.6300,0.0000,0.0000,0.0001,0.6282,0.0017,200,5345.1623
0.6437,0.0000,0.0000,0.0001,0.6420,0.0016,200,5345.7922
0.6078,0.0000,0.0000,0.0001,0.6060,0.0016,200,5346.4360
0.6211,0.0000,0.0000,0.0001,0.6193,0.0017,200,5347.0437
0.6238,0.0000,0.0000,0.0001,0.6222,0.0015,200,5347.6648
0.6347,0.0000,0.0000,0.0001,0.6333,0.0012,200,5348.2887
0.6401,0.0000,0.0000,0.0001,0.6383,0.0017,200,5348.9234
0.6370,0.0000,0.0000,0.0001,0.6349,0.0019,200,5349.5635
0.6655,0.0000,0.0000,0.0001,0.6646,0.0007,200,5350.2005
0.6440,0.0000,0.0000,0.0000,0.6424,0.0016,200,5350.8659
0.6355,0.0000,0.0000,0.0001,0.6335,0.0019,200,5351.5100
0.6023,0.0000,0.0000,0.0001,0.6007,0.0015,200,5352.1455
0.6687,0.0000,0.0000,0.0001,0.6671,0.0015,200,5352.7479
0.6569,0.0000,0.0000,0.0001,0.6550,0.0016,200,5353.4166
0.6752,0.0000,0.0000,0.0001,0.6734,0.0016,200,5354.0734
0.6463,0.0000,0.0000,0.0001,0.6445,0.0016,200,5354.7486
0.6255,0.0000,0.0000,0.0001,0.6237,0.0017,200,5355.3949
0.6201,0.0000,0.0000,0.0001,0.6182,0.0018,200,5356.0204
0.6307,0.0000,0.0000,0.0002,0.6291,0.0014,200,5356.6405
0.6348,0.0000,0.0000,0.0000,0.6331,0.0016,200,5357.2712
0.6320,0.0000,0.0000,0.0001,0.6309,0.0010,200,5357.9060
0.6631,0.0000,0.0000,0.0001,0.6610,0.0019,200,5358.5380
0.6291,0.0000,0.0000,0.0001,0.6270,0.0020,200,5359.2011
0.6157,0.0000,0.0000,0.0001,0.6137,0.0019,200,5359.8302
0.6181,0.0000,0.0000,0.0001,0.6164,0.0016,200,5360.4459
0.6398,0.0000,0.0000,0.0001,0.6380,0.0017,200,5361.0640
0.6605,0.0000,0.0000,0.0001,0.6588,0.0016,200,5361.7038
0.6319,0.0000,0.0000,0.0001,0.6303,0.0015,200,5362.3643
0.6154,0.0000,0.0000,0.0001,0.6138,0.0015,200,5362.9962
0.6034,0.0000,0.0000,0.0001,0.6018,0.0016,200,5363.6116
0.6419,0.0000,0.0000,0.0001,0.6405,0.0013,200,5364.2150
0.6313,0.0000,0.0000,0.0001,0.6298,0.0014,200,5364.8569
0.6488,0.0000,0.0000,0.0001,0.6467,0.0019,200,5365.4883
0.6198,0.0000,0.0000,0.0001,0.6177,0.0020,200,5366.1370
0.6323,0.0000,0.0000,0.0001,0.6298,0.0024,200,5366.7568
0.6536,0.0000,0.0000,0.0001,0.6519,0.0016,200,5367.3891
0.6257,0.0000,0.0000,0.0001,0.6238,0.0017,200,5368.0427
0.6133,0.0000,0.0000,0.0001,0.6121,0.0011,200,5368.6684
0.6092,0.0000,0.0000,0.0001,0.6084,0.0007,200,5369.2817
0.6278,0.0000,0.0000,0.0001,0.6262,0.0015,200,5369.8909
0.6278,0.0000,0.0000,0.0000,0.6260,0.0017,200,5370.5187
0.6653,0.0000,0.0000,0.0001,0.6636,0.0016,200,5371.1465
0.6551,0.0000,0.0000,0.0001,0.6535,0.0015,200,5371.8118
0.6120,0.0000,0.0000,0.0001,0.6105,0.0014,200,5372.4670
0.6123,0.0000,0.0000,0.0001,0.6112,0.0010,200,5373.0790
0.6162,0.0000,0.0000,0.0000,0.6143,0.0018,200,5373.6913
0.6375,0.0000,0.0000,0.0001,0.6353,0.0021,200,5374.3075
0.6357,0.0000,0.0000,0.0002,0.6340,0.0015,200,5374.9450
0.6386,0.0000,0.0000,0.0001,0.6369,0.0015,200,5375.5807
0.6330,0.0000,0.0000,0.0001,0.6327,0.0002,200,5376.2194
0.6094,0.0000,0.0000,0.0001,0.6077,0.0016,200,5376.8524
0.6412,0.0000,0.0000,0.0001,0.6397,0.0014,200,5377.4619
0.6149,0.0000,0.0000,0.0001,0.6132,0.0016,200,5378.1031
0.6123,0.0000,0.0000,0.0001,0.6106,0.0016,200,5378.7180
0.6455,0.0000,0.0000,0.0001,0.6436,0.0017,200,5379.3303
0.6410,0.0000,0.0000,0.0001,0.6399,0.0011,200,5379.9758
0.6429,0.0000,0.0000,0.0001,0.6412,0.0016,200,5380.6169
0.6443,0.0000,0.0000,0.0001,0.6430,0.0011,200,5381.2598
0.6347,0.0000,0.0000,0.0000,0.6337,0.0009,200,5381.9041
0.6267,0.0000,0.0000,0.0000,0.6249,0.0017,200,5382.5388
0.6417,0.0000,0.0000,0.0001,0.6403,0.0012,200,5383.1655
0.6185,0.0000,0.0000,0.0001,0.6167,0.0016,200,5383.8071
0.6108,0.0000,0.0000,0.0001,0.6087,0.0020,200,5384.4256
0.6229,0.0000,0.0000,0.0002,0.6211,0.0016,200,5385.0364
0.6552,0.0000,0.0000,0.0001,0.6535,0.0016,200,5385.6593
0.6118,0.0000,0.0000,0.0001,0.6105,0.0011,200,5386.3146
0.6234,0.0000,0.0000,0.0001,0.6220,0.0013,200,5386.9263
0.6078,0.0000,0.0000,0.0001,0.6060,0.0017,200,5387.5498
0.6063,0.0000,0.0000,0.0001,0.6045,0.0016,200,5388.1576
0.6205,0.0000,0.0000,0.0001,0.6183,0.0022,200,5388.7639
0.6168,0.0000,0.0000,0.0001,0.6155,0.0012,200,5389.3844
0.6281,0.0000,0.0000,0.0001,0.6256,0.0024,200,5390.0012
0.7048,0.0000,0.0000,0.0001,0.7039,0.0009,200,5390.6293
0.6037,0.0000,0.0000,0.0001,0.6022,0.0014,200,5391.3341
0.6295,0.0000,0.0000,0.0001,0.6275,0.0019,200,5391.9378
0.6366,0.0000,0.0000,0.0001,0.6350,0.0015,200,5392.5673
0.6209,0.0000,0.0000,0.0001,0.6191,0.0017,200,5393.2039
0.6765,0.0000,0.0000,0.0001,0.6755,0.0008,200,5393.8248
0.6322,0.0000,0.0000,0.0000,0.6305,0.0017,200,5394.5013
0.6339,0.0000,0.0000,0.0001,0.6323,0.0015,200,5395.1336
0.6311,0.0000,0.0000,0.0001,0.6297,0.0013,200,5395.7674
0.6274,0.0000,0.0000,0.0000,0.6262,0.0012,200,5396.3985
0.6354,0.0000,0.0000,0.0001,0.6339,0.0014,200,5397.0260
0.6245,0.0000,0.0000,0.0001,0.6234,0.0010,200,5397.6614
0.6301,0.0000,0.0000,0.0001,0.6284,0.0016,200,5398.2859
0.6198,0.0000,0.0000,0.0004,0.6175,0.0018,200,5398.9160
0.6199,0.0000,0.0000,0.0000,0.6184,0.0014,200,5399.5358
0.6028,0.0000,0.0000,0.0001,0.6008,0.0019,200,5400.1557
0.6519,0.0000,0.0000,0.0001,0.6507,0.0011,200,5400.7585
0.6190,0.0000,0.0000,0.0001,0.6180,0.0009,200,5401.4104
0.6357,0.0000,0.0000,0.0000,0.6322,0.0035,200,5402.0294
0.6566,0.0000,0.0000,0.0001,0.6541,0.0023,200,5402.6652
0.6317,0.0000,0.0000,0.0004,0.6292,0.0018,200,5403.3218
0.6335,0.0000,0.0000,0.0001,0.6320,0.0014,200,5403.9534
0.6365,0.0000,0.0000,0.0001,0.6345,0.0019,200,5404.5869
0.6099,0.0000,0.0000,0.0001,0.6083,0.0015,200,5405.2234
0.6399,0.0000,0.0000,0.0001,0.6383,0.0015,200,5405.8335
0.6664,0.0000,0.0000,0.0000,0.6646,0.0017,200,5406.4733
0.6335,0.0000,0.0000,0.0001,0.6316,0.0018,200,5407.1397
0.6086,0.0000,0.0000,0.0001,0.6070,0.0015,200,5407.7732
0.6296,0.0000,0.0000,0.0001,0.6278,0.0016,200,5408.3819
0.6373,0.0000,0.0000,0.0001,0.6356,0.0016,200,5409.0114
0.6141,0.0000,0.0000,0.0001,0.6124,0.0016,200,5409.6488
0.6148,0.0000,0.0000,0.0001,0.6131,0.0016,200,5410.2629
0.6623,0.0000,0.0000,0.0001,0.6605,0.0016,200,5410.8777
0.6142,0.0000,0.0000,0.0001,0.6126,0.0014,200,5411.5400
0.6068,0.0000,0.0000,0.0001,0.6049,0.0018,200,5412.1542
0.6179,0.0000,0.0000,0.0001,0.6170,0.0008,200,5412.7610
0.6180,0.0000,0.0000,0.0000,0.6164,0.0015,200,5413.3789
0.6597,0.0000,0.0000,0.0001,0.6580,0.0016,200,5413.9969
0.6241,0.0000,0.0000,0.0001,0.6223,0.0015,200,5414.6566
0.8591,0.0000,0.0000,0.0002,0.8571,0.0017,200,5415.2807
0.6301,0.0000,0.0000,0.0001,0.6284,0.0016,200,5416.1398
0.6258,0.0000,0.0000,0.0001,0.6240,0.0018,200,5416.7699
0.6404,0.0000,0.0000,0.0001,0.6386,0.0016,200,5417.3958
0.6116,0.0000,0.0000,0.0001,0.6106,0.0010,200,5418.0362
0.6313,0.0000,0.0000,0.0000,0.6297,0.0015,200,5418.6478
0.8628,0.0000,0.0000,0.0001,0.8611,0.0015,200,5419.2791
0.6185,0.0000,0.0000,0.0000,0.6174,0.0010,200,5420.1418
0.6306,0.0000,0.0000,0.0000,0.6298,0.0007,200,5420.7603
0.6263,0.0000,0.0000,0.0000,0.6253,0.0009,200,5421.3909
0.6302,0.0000,0.0000,0.0000,0.6282,0.0019,200,5422.0172
0.6270,0.0000,0.0000,0.0001,0.6255,0.0015,200,5422.6475
0.6396,0.0000,0.0000,0.0001,0.6380,0.0014,200,5423.2745
0.6271,0.0000,0.0000,0.0001,0.6253,0.0016,200,5423.9141
0.6274,0.0000,0.0000,0.0001,0.6255,0.0018,200,5424.5412
0.6365,0.0000,0.0000,0.0001,0.6349,0.0014,200,5425.1686
0.6247,0.0000,0.0000,0.0001,0.6236,0.0010,200,5425.8051
0.6350,0.0000,0.0000,0.0001,0.6331,0.0018,200,5426.4298
0.6674,0.0000,0.0000,0.0001,0.6611,0.0063,200,5427.0648
0.6308,0.0000,0.0000,0.0001,0.6295,0.0011,200,5427.7322
0.6463,0.0000,0.0000,0.0001,0.6444,0.0018,200,5428.3630
0.6184,0.0000,0.0000,0.0001,0.6170,0.0012,200,5429.0094
0.6210,0.0000,0.0000,0.0001,0.6192,0.0017,200,5429.6278
0.5993,0.0000,0.0000,0.0001,0.5979,0.0012,200,5430.2488
0.6169,0.0000,0.0000,0.0002,0.6147,0.0018,200,5430.8481
0.6246,0.0000,0.0000,0.0001,0.6230,0.0015,200,5431.4650
0.6524,0.0000,0.0000,0.0001,0.6511,0.0011,200,5432.0896
0.6457,0.0000,0.0000,0.0001,0.6441,0.0015,200,5432.7420
0.6632,0.0000,0.0000,0.0001,0.6611,0.0020,200,5433.3877
0.6106,0.0000,0.0000,0.0001,0.6088,0.0017,200,5434.0509
0.6142,0.0000,0.0000,0.0001,0.6124,0.0017,200,5434.6615
0.6352,0.0000,0.0000,0.0001,0.6334,0.0016,200,5435.2757
0.6090,0.0000,0.0000,0.0001,0.6074,0.0015,200,5435.9109
0.6173,0.0000,0.0000,0.0001,0.6154,0.0018,200,5436.5199
0.6550,0.0000,0.0000,0.0001,0.6527,0.0021,200,5437.1372
0.6354,0.0000,0.0000,0.0001,0.6337,0.0016,200,5437.7922
0.6398,0.0000,0.0000,0.0001,0.6388,0.0008,200,5438.4275
0.6240,0.0000,0.0000,0.0001,0.6222,0.0017,200,5439.0673
0.6407,0.0000,0.0000,0.0001,0.6392,0.0013,200,5439.6913
0.6265,0.0000,0.0000,0.0001,0.6248,0.0016,200,5440.3319
0.6625,0.0000,0.0000,0.0001,0.6617,0.0006,200,5440.9585
0.6069,0.0000,0.0000,0.0000,0.6054,0.0015,200,5441.6210
0.6500,0.0000,0.0000,0.0001,0.6484,0.0015,200,5442.2279
0.6237,0.0000,0.0000,0.0001,0.6212,0.0023,200,5442.8779
0.6118,0.0000,0.0000,0.0001,0.6101,0.0016,200,5443.5015
0.6396,0.0000,0.0000,0.0001,0.6380,0.0015,200,5444.1133
0.6328,0.0000,0.0000,0.0001,0.6311,0.0016,200,5444.7529
0.6321,0.0000,0.0000,0.0001,0.6302,0.0017,200,5445.3858
0.6547,0.0000,0.0000,0.0001,0.6533,0.0013,200,5446.0179
0.6318,0.0000,0.0000,0.0001,0.6300,0.0016,200,5446.6726
0.6474,0.0000,0.0000,0.0001,0.6454,0.0019,200,5447.3044
0.6281,0.0000,0.0000,0.0001,0.6262,0.0018,200,5447.9517
0.6519,0.0000,0.0000,0.0000,0.6502,0.0016,200,5448.5799
0.6111,0.0000,0.0000,0.0000,0.6086,0.0024,200,5449.2318
0.6178,0.0000,0.0000,0.0001,0.6161,0.0016,200,5449.8429
0.6037,0.0000,0.0000,0.0001,0.6021,0.0015,200,5450.4607
0.6216,0.0000,0.0000,0.0001,0.6207,0.0008,200,5451.0644
0.6381,0.0000,0.0000,0.0000,0.6361,0.0020,200,5451.6861
0.6487,0.0000,0.0000,0.0001,0.6468,0.0018,200,5452.3242
0.6269,0.0000,0.0000,0.0001,0.6254,0.0014,200,5452.9729
0.6332,0.0000,0.0000,0.0000,0.6321,0.0010,200,5453.5998
0.6177,0.0000,0.0000,0.0000,0.6160,0.0016,200,5454.2330
0.6092,0.0000,0.0000,0.0001,0.6078,0.0013,200,5454.8507
0.6149,0.0000,0.0000,0.0001,0.6134,0.0014,200,5455.4599
0.6229,0.0000,0.0000,0.0001,0.6210,0.0018,200,5456.0748
0.6196,0.0000,0.0000,0.0001,0.6177,0.0017,200,5456.6977
0.6414,0.0000,0.0000,0.0001,0.6397,0.0016,200,5457.3173
0.6353,0.0000,0.0000,0.0001,0.6333,0.0019,200,5457.9587
0.6278,0.0000,0.0000,0.0001,0.6266,0.0011,200,5458.5940
0.6274,0.0000,0.0000,0.0001,0.6258,0.0015,200,5459.2218
0.6108,0.0000,0.0000,0.0000,0.6092,0.0015,200,5459.8492
0.6268,0.0000,0.0000,0.0001,0.6248,0.0019,200,5460.4600
0.6220,0.0000,0.0000,0.0001,0.6200,0.0019,200,5461.0868
0.6109,0.0000,0.0000,0.0001,0.6090,0.0017,200,5461.7088
0.6489,0.0000,0.0000,0.0001,0.6466,0.0022,200,5462.3197
0.6930,0.0000,0.0000,0.0001,0.6902,0.0026,200,5462.9686
0.6575,0.0000,0.0000,0.0001,0.6559,0.0015,200,5463.6616
0.6500,0.0000,0.0000,0.0001,0.6480,0.0019,200,5464.3191
0.6440,0.0000,0.0000,0.0001,0.6421,0.0018,200,5464.9690
0.6465,0.0000,0.0000,0.0001,0.6447,0.0017,200,5465.6130
0.6369,0.0000,0.0000,0.0001,0.6360,0.0008,200,5466.2595
0.6376,0.0000,0.0000,0.0000,0.6363,0.0013,200,5466.8964
0.6288,0.0000,0.0000,0.0001,0.6269,0.0018,200,5467.5341
0.6031,0.0000,0.0000,0.0001,0.6015,0.0014,200,5468.1629
0.6320,0.0000,0.0000,0.0001,0.6303,0.0015,200,5468.7660
0.6229,0.0000,0.0000,0.0001,0.6208,0.0019,200,5469.3979
0.6016,0.0000,0.0000,0.0001,0.6013,0.0002,200,5470.0208
0.6397,0.0000,0.0000,0.0000,0.6384,0.0012,200,5470.6224
0.6235,0.0000,0.0000,0.0001,0.6226,0.0007,200,5471.2621
0.6538,0.0000,0.0000,0.0000,0.6524,0.0014,200,5471.8856
0.6175,0.0000,0.0000,0.0000,0.6159,0.0015,200,5472.5394
0.6449,0.0000,0.0000,0.0001,0.6433,0.0015,200,5473.1569
0.6047,0.0000,0.0000,0.0001,0.6030,0.0016,200,5473.8018
0.6985,0.0000,0.0000,0.0001,0.6963,0.0021,200,5474.4065
0.6388,0.0000,0.0000,0.0001,0.6369,0.0017,200,5475.1050
0.6138,0.0000,0.0000,0.0001,0.6119,0.0018,200,5475.7438
0.6269,0.0000,0.0000,0.0001,0.6257,0.0009,200,5476.3576
0.6411,0.0000,0.0000,0.0000,0.6395,0.0015,200,5476.9845
0.6319,0.0000,0.0000,0.0001,0.6301,0.0017,200,5477.6256
0.6303,0.0000,0.0000,0.0001,0.6288,0.0013,200,5478.2575
0.6151,0.0000,0.0000,0.0001,0.6131,0.0019,200,5478.8878
0.6236,0.0000,0.0000,0.0001,0.6219,0.0016,200,5479.5029
0.6173,0.0000,0.0000,0.0004,0.6153,0.0016,200,5480.1265
0.6257,0.0000,0.0000,0.0001,0.6243,0.0013,200,5480.7438
0.6099,0.0000,0.0000,0.0001,0.6090,0.0008,200,5481.3695
0.6078,0.0000,0.0000,0.0000,0.6067,0.0010,200,5481.9794
0.6240,0.0000,0.0000,0.0001,0.6222,0.0017,200,5482.5872
0.6146,0.0000,0.0000,0.0001,0.6132,0.0012,200,5483.2112
0.6301,0.0000,0.0000,0.0001,0.6287,0.0013,200,5483.8258
0.6095,0.0000,0.0000,0.0001,0.6086,0.0007,200,5484.4559
0.6207,0.0000,0.0000,0.0000,0.6189,0.0018,200,5485.0654
0.6098,0.0000,0.0000,0.0001,0.6079,0.0018,200,5485.6861
0.6318,0.0000,0.0000,0.0001,0.6300,0.0017,200,5486.2959
0.6181,0.0000,0.0000,0.0001,0.6162,0.0018,200,5486.9278
0.6097,0.0000,0.0000,0.0001,0.6081,0.0015,200,5487.5459
0.6419,0.0000,0.0000,0.0001,0.6404,0.0014,200,5488.1556
0.6246,0.0000,0.0000,0.0001,0.6229,0.0016,200,5488.7975
0.6320,0.0000,0.0000,0.0001,0.6299,0.0019,200,5489.4221
0.6176,0.0000,0.0000,0.0001,0.6158,0.0018,200,5490.0541
0.6263,0.0000,0.0000,0.0001,0.6246,0.0016,200,5490.6718
0.6183,0.0000,0.0000,0.0001,0.6172,0.0010,200,5491.2980
0.6574,0.0000,0.0000,0.0001,0.6559,0.0014,200,5491.9164
0.6261,0.0000,0.0000,0.0001,0.6244,0.0016,200,5492.5737
0.6203,0.0000,0.0000,0.0001,0.6190,0.0012,200,5493.1999
0.6456,0.0000,0.0000,0.0000,0.6432,0.0024,200,5493.8202
0.6393,0.0000,0.0000,0.0001,0.6375,0.0017,200,5494.4658
0.6207,0.0000,0.0000,0.0001,0.6188,0.0017,200,5495.1051
0.6229,0.0000,0.0000,0.0001,0.6199,0.0029,200,5495.7258
0.6279,0.0000,0.0000,0.0001,0.6261,0.0018,200,5496.3487
0.6333,0.0000,0.0000,0.0001,0.6316,0.0016,200,5496.9767
0.6711,0.0000,0.0000,0.0001,0.6692,0.0018,200,5497.6099
0.6295,0.0000,0.0000,0.0001,0.6281,0.0012,200,5498.2810
0.6270,0.0000,0.0000,0.0001,0.6249,0.0020,200,5498.9105
0.6137,0.0000,0.0000,0.0001,0.6122,0.0015,200,5499.5375
0.6219,0.0000,0.0000,0.0001,0.6195,0.0022,200,5500.1512
0.6328,0.0000,0.0000,0.0001,0.6316,0.0011,200,5500.7731
0.6370,0.0000,0.0000,0.0000,0.6353,0.0017,200,5501.4059
0.6555,0.0000,0.0000,0.0001,0.6539,0.0016,200,5502.0428
0.6305,0.0000,0.0000,0.0001,0.6289,0.0014,200,5502.6984
0.6172,0.0000,0.0000,0.0000,0.6155,0.0016,200,5503.3289
0.6271,0.0000,0.0000,0.0001,0.6253,0.0017,200,5503.9461
0.6326,0.0000,0.0000,0.0000,0.6305,0.0020,200,5504.5732
0.6458,0.0000,0.0000,0.0001,0.6439,0.0017,200,5505.2058
0.6333,0.0000,0.0000,0.0001,0.6316,0.0016,200,5505.8516
0.6072,0.0000,0.0000,0.0001,0.6056,0.0015,200,5506.4849
0.6563,0.0000,0.0000,0.0001,0.6550,0.0012,200,5507.0921
0.6135,0.0000,0.0000,0.0001,0.6121,0.0011,200,5507.7484
0.6094,0.0000,0.0000,0.0001,0.6077,0.0016,200,5508.3620
0.6753,0.0000,0.0000,0.0001,0.6734,0.0018,200,5508.9714
0.6499,0.0000,0.0000,0.0001,0.6480,0.0017,200,5509.6467
0.6188,0.0000,0.0000,0.0001,0.6171,0.0015,200,5510.2968
0.6146,0.0000,0.0000,0.0001,0.6128,0.0017,200,5510.9155
0.6257,0.0000,0.0000,0.0001,0.6242,0.0014,200,5511.5301
0.6129,0.0000,0.0000,0.0001,0.6107,0.0021,200,5512.1558
0.6306,0.0000,0.0000,0.0001,0.6288,0.0016,200,5512.7688
0.6206,0.0000,0.0000,0.0001,0.6190,0.0015,200,5513.3994
0.6257,0.0000,0.0000,0.0001,0.6233,0.0023,200,5514.0200
0.6399,0.0000,0.0000,0.0001,0.6381,0.0017,200,5514.6457
0.6273,0.0000,0.0000,0.0002,0.6254,0.0017,200,5515.2857
0.6127,0.0000,0.0000,0.0001,0.6109,0.0016,200,5515.9130
0.6258,0.0000,0.0000,0.0001,0.6246,0.0011,200,5516.5257
0.6333,0.0000,0.0000,0.0000,0.6316,0.0017,200,5517.1516
0.6046,0.0000,0.0000,0.0001,0.6025,0.0021,200,5517.7849
0.6430,0.0000,0.0000,0.0001,0.6409,0.0020,200,5518.3895
0.6730,0.0000,0.0000,0.0001,0.6712,0.0015,200,5519.0325
0.6545,0.0000,0.0000,0.0001,0.6528,0.0015,200,5519.7056
0.6464,0.0000,0.0000,0.0001,0.6448,0.0015,200,5520.3601
0.6207,0.0000,0.0000,0.0001,0.6192,0.0014,200,5521.0065
0.5968,0.0000,0.0000,0.0001,0.5952,0.0015,200,5521.6272
0.6367,0.0000,0.0000,0.0001,0.6341,0.0025,200,5522.2240
0.6896,0.0000,0.0000,0.0001,0.6874,0.0021,200,5522.8608
0.6946,0.0000,0.0000,0.0003,0.6935,0.0008,200,5523.5504
0.5908,0.0000,0.0000,0.0000,0.5888,0.0019,200,5524.2451
0.6479,0.0000,0.0000,0.0001,0.6459,0.0020,200,5524.8359
0.6124,0.0000,0.0000,0.0001,0.6114,0.0009,200,5525.4838
0.6270,0.0000,0.0000,0.0000,0.6254,0.0016,200,5526.0963
0.6612,0.0000,0.0000,0.0001,0.6596,0.0016,200,5526.7233
0.6423,0.0000,0.0000,0.0001,0.6401,0.0020,200,5527.3845
0.6275,0.0000,0.0000,0.0001,0.6259,0.0015,200,5528.0268
0.6540,0.0000,0.0000,0.0001,0.6522,0.0018,200,5528.6543
0.6223,0.0000,0.0000,0.0001,0.6206,0.0016,200,5529.3084
0.6332,0.0000,0.0000,0.0001,0.6313,0.0017,200,5529.9307
0.6436,0.0000,0.0000,0.0001,0.6419,0.0016,200,5530.5638
0.6142,0.0000,0.0000,0.0001,0.6123,0.0019,200,5531.2075
0.6220,0.0000,0.0000,0.0001,0.6212,0.0007,200,5531.8217
0.6475,0.0000,0.0000,0.0000,0.6459,0.0016,200,5532.4436
0.6627,0.0000,0.0000,0.0001,0.6591,0.0035,200,5533.0912
0.6431,0.0000,0.0000,0.0001,0.6413,0.0017,200,5533.7538
0.6122,0.0000,0.0000,0.0001,0.6109,0.0012,200,5534.3970
0.6296,0.0000,0.0000,0.0001,0.6278,0.0017,200,5535.0092
0.6349,0.0000,0.0000,0.0001,0.6334,0.0013,200,5535.6388
0.6136,0.0000,0.0000,0.0000,0.6122,0.0013,200,5536.2736
0.6270,0.0000,0.0000,0.0001,0.6254,0.0015,200,5536.8873
0.6210,0.0000,0.0000,0.0001,0.6198,0.0011,200,5537.5142
0.6532,0.0000,0.0000,0.0001,0.6516,0.0015,200,5538.1353
0.6403,0.0000,0.0000,0.0001,0.6387,0.0015,200,5538.7885
0.6418,0.0000,0.0000,0.0001,0.6400,0.0016,200,5539.4288
0.6172,0.0000,0.0000,0.0003,0.6152,0.0017,200,5540.0706
0.6199,0.0000,0.0000,0.0001,0.6181,0.0017,200,5540.6878
0.6877,0.0000,0.0000,0.0001,0.6862,0.0013,200,5541.3076
0.6206,0.0000,0.0000,0.0000,0.6194,0.0011,200,5541.9954
0.6234,0.0000,0.0000,0.0000,0.6217,0.0016,200,5542.6159
0.9178,0.0000,0.0000,0.0001,0.9160,0.0017,200,5543.2393
0.6424,0.0000,0.0000,0.0001,0.6411,0.0011,200,5544.1572
0.6406,0.0000,0.0000,0.0001,0.6391,0.0014,200,5544.7996
0.6278,0.0000,0.0000,0.0002,0.6262,0.0015,200,5545.4402
0.6687,0.0000,0.0000,0.0005,0.6661,0.0019,200,5546.0680
0.6144,0.0000,0.0000,0.0001,0.6133,0.0009,200,5546.7367
0.6337,0.0000,0.0000,0.0000,0.6320,0.0016,200,5547.3511
0.6271,0.0000,0.0000,0.0001,0.6258,0.0011,200,5547.9848
0.6217,0.0000,0.0000,0.0001,0.6204,0.0011,200,5548.6119
0.6118,0.0000,0.0000,0.0000,0.6098,0.0020,200,5549.2335
0.6581,0.0000,0.0000,0.0001,0.6571,0.0009,200,5549.8454
0.6302,0.0000,0.0000,0.0000,0.6278,0.0024,200,5550.5035
0.6256,0.0000,0.0000,0.0001,0.6236,0.0019,200,5551.1338
0.6278,0.0000,0.0000,0.0001,0.6263,0.0014,200,5551.7594
0.6047,0.0000,0.0000,0.0001,0.6030,0.0015,200,5552.3872
0.6299,0.0000,0.0000,0.0001,0.6283,0.0015,200,5552.9919
0.6077,0.0000,0.0000,0.0001,0.6056,0.0020,200,5553.6218
0.6130,0.0000,0.0000,0.0001,0.6113,0.0016,200,5554.2295
0.6171,0.0000,0.0000,0.0001,0.6156,0.0014,200,5554.8425
0.6385,0.0000,0.0000,0.0001,0.6370,0.0014,200,5555.4595
0.6398,0.0000,0.0000,0.0001,0.6385,0.0012,200,5556.0981
0.6450,0.0000,0.0000,0.0001,0.6436,0.0013,200,5556.7379
0.6231,0.0000,0.0000,0.0003,0.6208,0.0020,200,5557.3828
0.6383,0.0000,0.0000,0.0001,0.6360,0.0022,200,5558.0060
0.6236,0.0000,0.0000,0.0001,0.6225,0.0010,200,5558.6442
0.6313,0.0000,0.0000,0.0000,0.6299,0.0014,200,5559.2679
0.6069,0.0000,0.0000,0.0001,0.6057,0.0011,200,5559.8992
0.6163,0.0000,0.0000,0.0000,0.6147,0.0016,200,5560.5062
0.6325,0.0000,0.0000,0.0001,0.6313,0.0011,200,5561.1225
0.6105,0.0000,0.0000,0.0001,0.6084,0.0020,200,5561.7550
0.6438,0.0000,0.0000,0.0001,0.6416,0.0021,200,5562.3655
0.6226,0.0000,0.0000,0.0001,0.6205,0.0020,200,5563.0093
0.6191,0.0000,0.0000,0.0001,0.6179,0.0011,200,5563.6320
0.6431,0.0000,0.0000,0.0001,0.6412,0.0018,200,5564.2511
0.6285,0.0000,0.0000,0.0001,0.6262,0.0023,200,5564.8942
0.6124,0.0000,0.0000,0.0001,0.6106,0.0017,200,5565.5227
0.6260,0.0000,0.0000,0.0001,0.6251,0.0008,200,5566.1351
0.6421,0.0000,0.0000,0.0000,0.6406,0.0014,200,5566.7611
0.6257,0.0000,0.0000,0.0001,0.6240,0.0016,200,5567.4032
0.6300,0.0000,0.0000,0.0001,0.6278,0.0020,200,5568.0289
0.6808,0.0000,0.0000,0.0001,0.6802,0.0004,200,5568.6589
0.6244,0.0000,0.0000,0.0000,0.6228,0.0016,200,5569.3397
0.6517,0.0000,0.0000,0.0001,0.6499,0.0016,200,5569.9641
0.6459,0.0000,0.0000,0.0001,0.6439,0.0019,200,5570.6158
0.6370,0.0000,0.0000,0.0001,0.6356,0.0013,200,5571.2618
0.6384,0.0000,0.0000,0.0000,0.6366,0.0017,200,5571.8988
0.6259,0.0000,0.0000,0.0001,0.6242,0.0015,200,5572.5372
0.6083,0.0000,0.0000,0.0001,0.6064,0.0018,200,5573.1632
0.6637,0.0000,0.0000,0.0001,0.6621,0.0016,200,5573.7715
0.6207,0.0000,0.0000,0.0001,0.6190,0.0016,200,5574.4352
0.6201,0.0000,0.0000,0.0001,0.6192,0.0008,200,5575.0559
0.6269,0.0000,0.0000,0.0001,0.6246,0.0022,200,5575.6759
0.6398,0.0000,0.0000,0.0001,0.6375,0.0022,200,5576.3028
0.6532,0.0000,0.0000,0.0001,0.6519,0.0012,200,5576.9427
0.6449,0.0000,0.0000,0.0000,0.6431,0.0018,200,5577.5959
0.6276,0.0000,0.0000,0.0001,0.6261,0.0014,200,5578.2408
0.6257,0.0000,0.0000,0.0001,0.6240,0.0016,200,5578.8685
0.6461,0.0000,0.0000,0.0001,0.6442,0.0016,200,5579.4942
0.6086,0.0000,0.0000,0.0001,0.6069,0.0016,200,5580.1403
0.6289,0.0000,0.0000,0.0001,0.6269,0.0019,200,5580.7489
0.6271,0.0000,0.0000,0.0001,0.6258,0.0012,200,5581.3779
0.6347,0.0000,0.0000,0.0001,0.6335,0.0011,200,5582.0050
0.6233,0.0000,0.0000,0.0001,0.6214,0.0018,200,5582.6397
0.6202,0.0000,0.0000,0.0001,0.6183,0.0017,200,5583.2630
0.6261,0.0000,0.0000,0.0001,0.6247,0.0013,200,5583.8832
0.6428,0.0000,0.0000,0.0001,0.6411,0.0016,200,5584.5093
0.6214,0.0000,0.0000,0.0001,0.6198,0.0015,200,5585.1522
0.6197,0.0000,0.0000,0.0001,0.6180,0.0015,200,5585.7736
0.6522,0.0000,0.0000,0.0001,0.6502,0.0018,200,5586.3933
0.6450,0.0000,0.0000,0.0001,0.6439,0.0010,200,5587.0455
0.6353,0.0000,0.0000,0.0001,0.6334,0.0018,200,5587.6905
0.6340,0.0000,0.0000,0.0001,0.6324,0.0015,200,5588.3258
0.6209,0.0000,0.0000,0.0001,0.6189,0.0018,200,5588.9599
0.6106,0.0000,0.0000,0.0001,0.6088,0.0017,200,5589.5808
0.6141,0.0000,0.0000,0.0001,0.6125,0.0015,200,5590.1914
0.6540,0.0000,0.0000,0.0001,0.6527,0.0011,200,5590.8055
0.6216,0.0000,0.0000,0.0001,0.6199,0.0015,200,5591.4595
0.6369,0.0000,0.0000,0.0001,0.6345,0.0023,200,5592.0811
0.6068,0.0000,0.0000,0.0001,0.6051,0.0016,200,5592.7180
0.6233,0.0000,0.0000,0.0001,0.6218,0.0014,200,5593.3248
0.6316,0.0000,0.0000,0.0001,0.6302,0.0011,200,5593.9482
0.6442,0.0000,0.0000,0.0001,0.6424,0.0017,200,5594.5797
0.6179,0.0000,0.0000,0.0001,0.6162,0.0016,200,5595.2240
0.6341,0.0000,0.0000,0.0001,0.6319,0.0021,200,5595.8418
0.6079,0.0000,0.0000,0.0001,0.6063,0.0014,200,5596.4759
0.6525,0.0000,0.0000,0.0001,0.6503,0.0021,200,5597.0839
0.6414,0.0000,0.0000,0.0001,0.6395,0.0017,200,5597.7364
0.6179,0.0000,0.0000,0.0001,0.6164,0.0014,200,5598.3778
0.6458,0.0000,0.0000,0.0001,0.6436,0.0021,200,5598.9957
0.6612,0.0000,0.0000,0.0001,0.6593,0.0018,200,5599.6415
0.6292,0.0000,0.0000,0.0001,0.6278,0.0012,200,5600.3027
0.6315,0.0000,0.0000,0.0001,0.6291,0.0023,200,5600.9319
0.6736,0.0000,0.0000,0.0001,0.6718,0.0017,200,5601.5634
0.6268,0.0000,0.0000,0.0000,0.6246,0.0021,200,5602.2370
0.6447,0.0000,0.0000,0.0001,0.6431,0.0015,200,5602.8638
0.6369,0.0000,0.0000,0.0001,0.6354,0.0013,200,5603.5085
0.6365,0.0000,0.0000,0.0001,0.6354,0.0010,200,5604.1454
0.6144,0.0000,0.0000,0.0001,0.6127,0.0016,200,5604.7819
0.6757,0.0000,0.0000,0.0001,0.6740,0.0016,200,5605.3963
0.6244,0.0000,0.0000,0.0001,0.6229,0.0014,200,5606.0720
0.6471,0.0000,0.0000,0.0001,0.6453,0.0017,200,5606.6964
0.6110,0.0000,0.0000,0.0001,0.6094,0.0015,200,5607.3435
0.6519,0.0000,0.0000,0.0001,0.6506,0.0011,200,5607.9546
0.6243,0.0000,0.0000,0.0001,0.6226,0.0014,200,5608.6064
0.6305,0.0000,0.0000,0.0001,0.6288,0.0015,200,5609.2307
0.6320,0.0000,0.0000,0.0001,0.6308,0.0011,200,5609.8612
0.6162,0.0000,0.0000,0.0000,0.6143,0.0018,200,5610.4932
0.6102,0.0000,0.0000,0.0000,0.6085,0.0016,200,5611.1093
0.6542,0.0000,0.0000,0.0001,0.6534,0.0007,200,5611.7195
0.6119,0.0000,0.0000,0.0001,0.6099,0.0018,200,5612.3737
0.6223,0.0000,0.0000,0.0001,0.6205,0.0016,200,5612.9857
0.6264,0.0000,0.0000,0.0001,0.6250,0.0013,200,5613.6080
0.6212,0.0000,0.0000,0.0001,0.6194,0.0016,200,5614.2343
0.6480,0.0000,0.0000,0.0001,0.6463,0.0015,200,5614.8555
0.6224,0.0000,0.0000,0.0001,0.6203,0.0020,200,5615.5035
0.6582,0.0000,0.0000,0.0001,0.6559,0.0022,200,5616.1259
0.6585,0.0000,0.0000,0.0001,0.6560,0.0023,200,5616.7841
0.6209,0.0000,0.0000,0.0000,0.6191,0.0017,200,5617.4426
0.6345,0.0000,0.0000,0.0001,0.6328,0.0016,200,5618.0635
0.6289,0.0000,0.0000,0.0001,0.6276,0.0012,200,5618.6980
0.6237,0.0000,0.0000,0.0001,0.6219,0.0017,200,5619.3270
0.6213,0.0000,0.0000,0.0001,0.6195,0.0017,200,5619.9507
0.6319,0.0000,0.0000,0.0001,0.6295,0.0022,200,5620.5720
0.6484,0.0000,0.0000,0.0001,0.6462,0.0021,200,5621.2039
0.6752,0.0000,0.0000,0.0001,0.6739,0.0012,200,5621.8523
0.6310,0.0000,0.0000,0.0000,0.6300,0.0010,200,5622.5275
0.6735,0.0000,0.0000,0.0001,0.6720,0.0014,200,5623.1585
0.6497,0.0000,0.0000,0.0000,0.6480,0.0016,200,5623.8320
0.6450,0.0000,0.0000,0.0001,0.6435,0.0014,200,5624.4817
0.6460,0.0000,0.0000,0.0001,0.6440,0.0018,200,5625.1268
0.6322,0.0000,0.0000,0.0001,0.6299,0.0021,200,5625.7728
0.6361,0.0000,0.0000,0.0001,0.6342,0.0018,200,5626.4049
0.6597,0.0000,0.0000,0.0001,0.6582,0.0014,200,5627.0410
0.6449,0.0000,0.0000,0.0001,0.6431,0.0017,200,5627.7007
0.6500,0.0000,0.0000,0.0001,0.6483,0.0015,200,5628.3457
0.6465,0.0000,0.0000,0.0001,0.6444,0.0021,200,5628.9957
0.6178,0.0000,0.0000,0.0001,0.6167,0.0010,200,5629.6422
0.6153,0.0000,0.0000,0.0001,0.6141,0.0009,200,5630.2600
0.6216,0.0000,0.0000,0.0001,0.6201,0.0012,200,5630.8753
0.6697,0.0000,0.0000,0.0001,0.6694,0.0002,200,5631.4969
0.6412,0.0000,0.0000,0.0001,0.6402,0.0009,200,5632.1666
0.6318,0.0000,0.0000,0.0000,0.6300,0.0017,200,5632.8078
0.6350,0.0000,0.0000,0.0001,0.6334,0.0015,200,5633.4396
0.6307,0.0000,0.0000,0.0001,0.6289,0.0017,200,5634.0746
0.6484,0.0000,0.0000,0.0001,0.6467,0.0016,200,5634.7053
0.6300,0.0000,0.0000,0.0001,0.6284,0.0014,200,5635.3538
0.6319,0.0000,0.0000,0.0001,0.6302,0.0016,200,5635.9838
0.6385,0.0000,0.0000,0.0001,0.6371,0.0013,200,5636.6156
0.6233,0.0000,0.0000,0.0001,0.6218,0.0013,200,5637.2541
0.6552,0.0000,0.0000,0.0000,0.6536,0.0014,200,5637.8774
0.6521,0.0000,0.0000,0.0001,0.6503,0.0016,200,5638.5326
0.6191,0.0000,0.0000,0.0001,0.6181,0.0008,200,5639.1846
0.6161,0.0000,0.0000,0.0001,0.6145,0.0015,200,5639.8038
0.6058,0.0000,0.0000,0.0001,0.6044,0.0014,200,5640.4199
0.6549,0.0000,0.0000,0.0001,0.6531,0.0017,200,5641.0257
0.6187,0.0000,0.0000,0.0001,0.6170,0.0016,200,5641.6807
0.6398,0.0000,0.0000,0.0001,0.6376,0.0021,200,5642.2994
0.6411,0.0000,0.0000,0.0001,0.6380,0.0030,200,5642.9392
0.6156,0.0000,0.0000,0.0001,0.6143,0.0012,200,5643.5803
0.6272,0.0000,0.0000,0.0001,0.6257,0.0014,200,5644.1960
0.6411,0.0000,0.0000,0.0001,0.6399,0.0011,200,5644.8232
0.6326,0.0000,0.0000,0.0002,0.6306,0.0017,200,5645.4643
0.6309,0.0000,0.0000,0.0001,0.6286,0.0020,200,5646.0968
0.6928,0.0000,0.0000,0.0001,0.6911,0.0016,200,5646.7277
0.6219,0.0000,0.0000,0.0003,0.6202,0.0014,200,5647.4205
0.6339,0.0000,0.0000,0.0001,0.6328,0.0009,200,5648.0424
0.6601,0.0000,0.0000,0.0000,0.6583,0.0018,200,5648.6763
0.6157,0.0000,0.0000,0.0001,0.6143,0.0013,200,5649.3364
0.6165,0.0000,0.0000,0.0001,0.6150,0.0012,200,5649.9521
0.6399,0.0000,0.0000,0.0001,0.6384,0.0015,200,5650.5686
0.6513,0.0000,0.0000,0.0002,0.6496,0.0015,200,5651.2085
0.6249,0.0000,0.0000,0.0001,0.6240,0.0008,200,5651.8599
0.6508,0.0000,0.0000,0.0000,0.6489,0.0018,200,5652.4847
0.6481,0.0000,0.0000,0.0001,0.6464,0.0016,200,5653.1355
0.6199,0.0000,0.0000,0.0001,0.6183,0.0015,200,5653.7837
0.6432,0.0000,0.0000,0.0001,0.6414,0.0017,200,5654.4036
0.6218,0.0000,0.0000,0.0001,0.6192,0.0025,200,5655.0468
0.6017,0.0000,0.0000,0.0001,0.6000,0.0015,200,5655.6686
0.6377,0.0000,0.0000,0.0000,0.6361,0.0015,200,5656.2703
0.6380,0.0000,0.0000,0.0001,0.6361,0.0018,200,5656.9080
0.6268,0.0000,0.0000,0.0000,0.6253,0.0013,200,5657.5460
0.6410,0.0000,0.0000,0.0001,0.6391,0.0018,200,5658.1728
0.6557,0.0000,0.0000,0.0001,0.6540,0.0016,200,5658.8138
0.6416,0.0000,0.0000,0.0001,0.6399,0.0016,200,5659.4695
0.6219,0.0000,0.0000,0.0001,0.6203,0.0015,200,5660.1111
0.6575,0.0000,0.0000,0.0001,0.6558,0.0015,200,5660.7330
0.6715,0.0000,0.0000,0.0001,0.6699,0.0015,200,5661.3905
0.6113,0.0000,0.0000,0.0001,0.6102,0.0009,200,5662.0620
0.6539,0.0000,0.0000,0.0000,0.6522,0.0017,200,5662.6732
0.6128,0.0000,0.0000,0.0000,0.6112,0.0014,200,5663.3272
0.6421,0.0000,0.0000,0.0001,0.6406,0.0014,200,5663.9399
0.6370,0.0000,0.0000,0.0001,0.6352,0.0016,200,5664.5821
0.6168,0.0000,0.0000,0.0001,0.6151,0.0016,200,5665.2191
0.6246,0.0000,0.0000,0.0001,0.6230,0.0015,200,5665.8358
0.6394,0.0000,0.0000,0.0001,0.6378,0.0014,200,5666.4604
0.6178,0.0000,0.0000,0.0001,0.6162,0.0015,200,5667.0998
0.6318,0.0000,0.0000,0.0001,0.6301,0.0017,200,5667.7175
0.6273,0.0000,0.0000,0.0002,0.6250,0.0018,200,5668.3494
0.6534,0.0000,0.0000,0.0001,0.6517,0.0013,200,5668.9767
0.6279,0.0000,0.0000,0.0000,0.6266,0.0012,200,5669.6301
0.6204,0.0000,0.0000,0.0002,0.6187,0.0015,200,5670.2580
0.6334,0.0000,0.0000,0.0001,0.6317,0.0016,200,5670.8784
0.6860,0.0000,0.0000,0.0001,0.6848,0.0011,200,5671.5119
0.6311,0.0000,0.0000,0.0001,0.6293,0.0017,200,5672.1978
0.6296,0.0000,0.0000,0.0001,0.6282,0.0013,200,5672.8289
0.6067,0.0000,0.0000,0.0001,0.6052,0.0014,200,5673.4585
0.6122,0.0000,0.0000,0.0000,0.6105,0.0016,200,5674.0652
0.6320,0.0000,0.0000,0.0001,0.6300,0.0018,200,5674.6774
0.6144,0.0000,0.0000,0.0001,0.6125,0.0017,200,5675.3094
0.6482,0.0000,0.0000,0.0001,0.6467,0.0015,200,5675.9239
0.6336,0.0000,0.0000,0.0002,0.6318,0.0016,200,5676.5721
0.6258,0.0000,0.0000,0.0001,0.6245,0.0012,200,5677.2058
0.6226,0.0000,0.0000,0.0000,0.6203,0.0023,200,5677.8315
0.6378,0.0000,0.0000,0.0001,0.6362,0.0014,200,5678.4542
0.6079,0.0000,0.0000,0.0001,0.6063,0.0015,200,5679.0919
0.6281,0.0000,0.0000,0.0001,0.6264,0.0015,200,5679.6998
0.6383,0.0000,0.0000,0.0001,0.6363,0.0018,200,5680.3279
0.6107,0.0000,0.0000,0.0002,0.6086,0.0018,200,5680.9662
0.6173,0.0000,0.0000,0.0001,0.6157,0.0014,200,5681.5769
0.6313,0.0000,0.0000,0.0001,0.6295,0.0016,200,5682.1942
0.6180,0.0000,0.0000,0.0000,0.6160,0.0019,200,5682.8255
0.6325,0.0000,0.0000,0.0001,0.6310,0.0014,200,5683.4435
0.6198,0.0000,0.0000,0.0000,0.6184,0.0013,200,5684.0759
0.6352,0.0000,0.0000,0.0001,0.6334,0.0016,200,5684.6957
0.6405,0.0000,0.0000,0.0001,0.6387,0.0017,200,5685.3309
0.6281,0.0000,0.0000,0.0001,0.6266,0.0014,200,5685.9714
0.6273,0.0000,0.0000,0.0001,0.6258,0.0013,200,5686.5996
0.6114,0.0000,0.0000,0.0001,0.6101,0.0012,200,5687.2268
0.6225,0.0000,0.0000,0.0001,0.6209,0.0015,200,5687.8383
0.6354,0.0000,0.0000,0.0001,0.6335,0.0017,200,5688.4607
0.6348,0.0000,0.0000,0.0002,0.6343,0.0002,200,5689.0961
0.6524,0.0000,0.0000,0.0001,0.6508,0.0015,200,5689.7309
0.6300,0.0000,0.0000,0.0001,0.6284,0.0015,200,5690.3833
0.6312,0.0000,0.0000,0.0001,0.6297,0.0013,200,5691.0133
0.6111,0.0000,0.0000,0.0001,0.6093,0.0018,200,5691.6445
0.6246,0.0000,0.0000,0.0001,0.6231,0.0015,200,5692.2556
0.6255,0.0000,0.0000,0.0001,0.6239,0.0015,200,5692.8803
0.6436,0.0000,0.0000,0.0001,0.6415,0.0019,200,5693.5058
0.6178,0.0000,0.0000,0.0001,0.6154,0.0023,200,5694.1494
0.6461,0.0000,0.0000,0.0001,0.6440,0.0018,200,5694.7672
0.6223,0.0000,0.0000,0.0001,0.6207,0.0014,200,5695.4133
0.6293,0.0000,0.0000,0.0001,0.6271,0.0021,200,5696.0355
0.6345,0.0000,0.0000,0.0001,0.6324,0.0020,200,5696.6649
0.6645,0.0000,0.0000,0.0001,0.6631,0.0013,200,5697.2994
0.6345,0.0000,0.0000,0.0000,0.6328,0.0016,200,5697.9639
0.6354,0.0000,0.0000,0.0001,0.6336,0.0017,200,5698.5984
0.6210,0.0000,0.0000,0.0001,0.6196,0.0013,200,5699.2338
0.6422,0.0000,0.0000,0.0001,0.6411,0.0009,200,5699.8548
0.6108,0.0000,0.0000,0.0000,0.6094,0.0014,200,5700.4970
0.6506,0.0000,0.0000,0.0001,0.6487,0.0017,200,5701.1079
0.6131,0.0000,0.0000,0.0000,0.6114,0.0015,200,5701.7584
0.6353,0.0000,0.0000,0.0001,0.6335,0.0016,200,5702.3715
0.6227,0.0000,0.0000,0.0001,0.6205,0.0021,200,5703.0068
0.6496,0.0000,0.0000,0.0001,0.6478,0.0017,200,5703.6295
0.6603,0.0000,0.0000,0.0001,0.6585,0.0017,200,5704.2791
0.6108,0.0000,0.0000,0.0001,0.6091,0.0016,200,5704.9395
0.6176,0.0000,0.0000,0.0001,0.6156,0.0020,200,5705.5504
0.6558,0.0000,0.0000,0.0001,0.6544,0.0013,200,5706.1680
0.7199,0.0000,0.0000,0.0001,0.7180,0.0018,200,5706.8238
0.6140,0.0000,0.0000,0.0001,0.6128,0.0011,200,5707.5437
0.6146,0.0000,0.0000,0.0001,0.6130,0.0014,200,5708.1578
0.6364,0.0000,0.0000,0.0001,0.6347,0.0016,200,5708.7724
0.6165,0.0000,0.0000,0.0001,0.6149,0.0015,200,5709.4088
0.6347,0.0000,0.0000,0.0001,0.6331,0.0015,200,5710.0253
0.6674,0.0000,0.0000,0.0001,0.6653,0.0020,200,5710.6599
0.6571,0.0000,0.0000,0.0001,0.6551,0.0019,200,5711.3274
0.6413,0.0000,0.0000,0.0002,0.6398,0.0012,200,5711.9845
0.6221,0.0000,0.0000,0.0000,0.6204,0.0017,200,5712.6258
0.6566,0.0000,0.0000,0.0001,0.6551,0.0014,200,5713.2479
0.6788,0.0000,0.0000,0.0002,0.6767,0.0018,200,5713.9045
0.6186,0.0000,0.0000,0.0001,0.6169,0.0016,200,5714.5833
0.6347,0.0000,0.0000,0.0001,0.6331,0.0015,200,5715.2020
0.6488,0.0000,0.0000,0.0000,0.6470,0.0017,200,5715.8367
0.6250,0.0000,0.0000,0.0001,0.6235,0.0014,200,5716.4855
0.6241,0.0000,0.0000,0.0001,0.6228,0.0012,200,5717.1106
0.6285,0.0000,0.0000,0.0001,0.6269,0.0015,200,5717.7347
0.6249,0.0000,0.0000,0.0001,0.6232,0.0016,200,5718.3632
0.6287,0.0000,0.0000,0.0001,0.6270,0.0015,200,5718.9881
0.6464,0.0000,0.0000,0.0001,0.6446,0.0016,200,5719.6169
0.6070,0.0000,0.0000,0.0001,0.6059,0.0009,200,5720.2632
0.6186,0.0000,0.0000,0.0000,0.6165,0.0020,200,5720.8702
0.6195,0.0000,0.0000,0.0001,0.6180,0.0015,200,5721.4888
0.6588,0.0000,0.0000,0.0001,0.6571,0.0015,200,5722.1084
0.6265,0.0000,0.0000,0.0001,0.6243,0.0021,200,5722.7671
0.6422,0.0000,0.0000,0.0001,0.6405,0.0015,200,5723.3936
0.6526,0.0000,0.0000,0.0001,0.6507,0.0017,200,5724.0358
0.6132,0.0000,0.0000,0.0001,0.6111,0.0019,200,5724.6884
0.6276,0.0000,0.0000,0.0001,0.6258,0.0017,200,5725.3016
0.6254,0.0000,0.0000,0.0001,0.6246,0.0007,200,5725.9292
0.6154,0.0000,0.0000,0.0000,0.6141,0.0012,200,5726.5546
0.6312,0.0000,0.0000,0.0001,0.6293,0.0018,200,5727.1700
0.6344,0.0000,0.0000,0.0001,0.6328,0.0015,200,5727.8012
0.6160,0.0000,0.0000,0.0000,0.6143,0.0016,200,5728.4355
0.6113,0.0000,0.0000,0.0001,0.6094,0.0018,200,5729.0515
0.6407,0.0000,0.0000,0.0001,0.6391,0.0015,200,5729.6629
0.6587,0.0000,0.0000,0.0000,0.6575,0.0012,200,5730.3036
0.6297,0.0000,0.0000,0.0001,0.6280,0.0016,200,5730.9624
0.9097,0.0000,0.0000,0.0001,0.9081,0.0014,200,5731.5920
0.6389,0.0000,0.0000,0.0001,0.6374,0.0013,200,5732.5017
0.6225,0.0000,0.0000,0.0001,0.6204,0.0019,200,5733.1406
0.6068,0.0000,0.0000,0.0001,0.6053,0.0015,200,5733.7631
0.6279,0.0000,0.0000,0.0000,0.6266,0.0012,200,5734.3699
0.6252,0.0000,0.0000,0.0001,0.6233,0.0018,200,5734.9978
0.6158,0.0000,0.0000,0.0001,0.6136,0.0020,200,5735.6231
0.6180,0.0000,0.0000,0.0001,0.6162,0.0017,200,5736.2388
0.6135,0.0000,0.0000,0.0001,0.6115,0.0017,200,5736.8568
0.6187,0.0000,0.0000,0.0001,0.6179,0.0007,200,5737.4703
0.6348,0.0000,0.0000,0.0000,0.6331,0.0017,200,5738.0890
0.6326,0.0000,0.0000,0.0001,0.6310,0.0015,200,5738.7238
0.6412,0.0000,0.0000,0.0001,0.6391,0.0019,200,5739.3564
0.6282,0.0000,0.0000,0.0001,0.6266,0.0015,200,5739.9976
0.6122,0.0000,0.0000,0.0001,0.6108,0.0012,200,5740.6258
0.6078,0.0000,0.0000,0.0001,0.6067,0.0010,200,5741.2380
0.6018,0.0000,0.0000,0.0000,0.6000,0.0017,200,5741.8458
0.6242,0.0000,0.0000,0.0001,0.6227,0.0015,200,5742.4477
0.6359,0.0000,0.0000,0.0001,0.6343,0.0014,200,5743.0719
0.6121,0.0000,0.0000,0.0001,0.6101,0.0018,200,5743.7078
0.6238,0.0000,0.0000,0.0001,0.6218,0.0018,200,5744.3199
0.6296,0.0000,0.0000,0.0001,0.6276,0.0018,200,5744.9437
0.6403,0.0000,0.0000,0.0001,0.6383,0.0018,200,5745.5732
0.6341,0.0000,0.0000,0.0001,0.6324,0.0016,200,5746.2135
0.6769,0.0000,0.0000,0.0001,0.6751,0.0017,200,5746.8477
0.6299,0.0000,0.0000,0.0001,0.6283,0.0015,200,5747.5246
0.6610,0.0000,0.0000,0.0001,0.6589,0.0019,200,5748.1545
0.6161,0.0000,0.0000,0.0002,0.6140,0.0018,200,5748.8155
0.6460,0.0000,0.0000,0.0001,0.6448,0.0010,200,5749.4316
0.6360,0.0000,0.0000,0.0000,0.6338,0.0021,200,5750.0775
0.6249,0.0000,0.0000,0.0001,0.6238,0.0009,200,5750.7135
0.6280,0.0000,0.0000,0.0000,0.6263,0.0016,200,5751.3384
0.6168,0.0000,0.0000,0.0001,0.6149,0.0018,200,5751.9664
0.6749,0.0000,0.0000,0.0001,0.6738,0.0009,200,5752.5832
0.6238,0.0000,0.0000,0.0001,0.6220,0.0016,200,5753.2580
0.6237,0.0000,0.0000,0.0001,0.6217,0.0020,200,5753.8818
0.6217,0.0000,0.0000,0.0001,0.6197,0.0018,200,5754.5056
0.6249,0.0000,0.0000,0.0001,0.6230,0.0016,200,5755.1272
0.6413,0.0000,0.0000,0.0004,0.6390,0.0017,200,5755.7521
0.6257,0.0000,0.0000,0.0001,0.6237,0.0018,200,5756.3935
0.6486,0.0000,0.0000,0.0001,0.6463,0.0021,200,5757.0191
0.6379,0.0000,0.0000,0.0001,0.6362,0.0016,200,5757.6677
0.6200,0.0000,0.0000,0.0001,0.6180,0.0019,200,5758.3056
0.6089,0.0000,0.0000,0.0001,0.6082,0.0005,200,5758.9256
0.6260,0.0000,0.0000,0.0000,0.6247,0.0012,200,5759.5345
0.6160,0.0000,0.0000,0.0001,0.6146,0.0013,200,5760.1605
0.6215,0.0000,0.0000,0.0001,0.6192,0.0022,200,5760.7765
0.6515,0.0000,0.0000,0.0001,0.6497,0.0017,200,5761.3980
0.6367,0.0000,0.0000,0.0001,0.6351,0.0015,200,5762.0496
0.6190,0.0000,0.0000,0.0001,0.6169,0.0020,200,5762.6863
0.6246,0.0000,0.0000,0.0001,0.6224,0.0021,200,5763.3054
0.6448,0.0000,0.0000,0.0001,0.6430,0.0015,200,5763.9300
0.6189,0.0000,0.0000,0.0001,0.6170,0.0017,200,5764.5748
0.6273,0.0000,0.0000,0.0001,0.6259,0.0013,200,5765.1937
0.6366,0.0000,0.0000,0.0000,0.6349,0.0016,200,5765.8210
0.6117,0.0000,0.0000,0.0001,0.6097,0.0020,200,5766.4577
0.6110,0.0000,0.0000,0.0001,0.6092,0.0017,200,5767.0694
0.6574,0.0000,0.0000,0.0001,0.6551,0.0020,200,5767.6804
0.6239,0.0000,0.0000,0.0001,0.6221,0.0016,200,5768.3378
0.6180,0.0000,0.0000,0.0001,0.6160,0.0019,200,5768.9617
0.6225,0.0000,0.0000,0.0001,0.6212,0.0011,200,5769.5797
0.6172,0.0000,0.0000,0.0001,0.6154,0.0017,200,5770.2022
0.6135,0.0000,0.0000,0.0001,0.6112,0.0022,200,5770.8194
0.6250,0.0000,0.0000,0.0001,0.6238,0.0011,200,5771.4329
0.6451,0.0000,0.0000,0.0000,0.6436,0.0014,200,5772.0580
0.6254,0.0000,0.0000,0.0001,0.6233,0.0019,200,5772.7030
0.6906,0.0000,0.0000,0.0001,0.6891,0.0014,200,5773.3284
0.6224,0.0000,0.0000,0.0002,0.6204,0.0018,200,5774.0190
0.6232,0.0000,0.0000,0.0001,0.6215,0.0016,200,5774.6414
0.6338,0.0000,0.0000,0.0001,0.6325,0.0009,200,5775.2646
0.6235,0.0000,0.0000,0.0001,0.6215,0.0019,200,5775.8984
0.6595,0.0000,0.0000,0.0001,0.6576,0.0017,200,5776.5219
0.6516,0.0000,0.0000,0.0001,0.6499,0.0016,200,5777.1815
0.6473,0.0000,0.0000,0.0001,0.6456,0.0016,200,5777.8331
0.6332,0.0000,0.0000,0.0001,0.6310,0.0016,200,5778.4804
0.6342,0.0000,0.0000,0.0001,0.6325,0.0016,200,5779.1135
0.6080,0.0000,0.0000,0.0000,0.6064,0.0015,200,5779.7477
0.6386,0.0000,0.0000,0.0001,0.6365,0.0019,200,5780.3557
0.6179,0.0000,0.0000,0.0001,0.6161,0.0016,200,5780.9943
0.6358,0.0000,0.0000,0.0001,0.6340,0.0016,200,5781.6121
0.6693,0.0000,0.0000,0.0000,0.6672,0.0020,200,5782.2479
0.6631,0.0000,0.0000,0.0001,0.6614,0.0016,200,5782.9173
0.6164,0.0000,0.0000,0.0001,0.6143,0.0020,200,5783.5804
0.6420,0.0000,0.0000,0.0001,0.6403,0.0015,200,5784.1968
0.6206,0.0000,0.0000,0.0001,0.6192,0.0013,200,5784.8388
0.6345,0.0000,0.0000,0.0001,0.6329,0.0016,200,5785.4594
0.6220,0.0000,0.0000,0.0001,0.6203,0.0016,200,5786.0939
0.6237,0.0000,0.0000,0.0001,0.6222,0.0014,200,5786.7160
0.6237,0.0000,0.0000,0.0001,0.6217,0.0018,200,5787.3397
0.6414,0.0000,0.0000,0.0001,0.6395,0.0019,200,5787.9634
0.6292,0.0000,0.0000,0.0001,0.6275,0.0016,200,5788.6048
0.6276,0.0000,0.0000,0.0001,0.6254,0.0021,200,5789.2340
0.6082,0.0000,0.0000,0.0001,0.6069,0.0012,200,5789.8616
0.6507,0.0000,0.0000,0.0001,0.6489,0.0017,200,5790.4699
0.6279,0.0000,0.0000,0.0001,0.6260,0.0017,200,5791.1206
0.6334,0.0000,0.0000,0.0003,0.6316,0.0014,200,5791.7485
0.6230,0.0000,0.0000,0.0000,0.6217,0.0012,200,5792.3819
0.6180,0.0000,0.0000,0.0000,0.6164,0.0016,200,5793.0049
0.6308,0.0000,0.0000,0.0000,0.6293,0.0015,200,5793.6229
0.6100,0.0000,0.0000,0.0001,0.6087,0.0012,200,5794.2538
0.6357,0.0000,0.0000,0.0001,0.6338,0.0017,200,5794.8638
0.6258,0.0000,0.0000,0.0001,0.6239,0.0018,200,5795.4995
0.6199,0.0000,0.0000,0.0001,0.6183,0.0015,200,5796.1252
0.6189,0.0000,0.0000,0.0001,0.6173,0.0015,200,5796.7452
0.6197,0.0000,0.0000,0.0001,0.6183,0.0013,200,5797.3641
0.6320,0.0000,0.0000,0.0001,0.6304,0.0016,200,5797.9838
0.6183,0.0000,0.0000,0.0001,0.6168,0.0013,200,5798.6159
0.6254,0.0000,0.0000,0.0001,0.6235,0.0018,200,5799.2342
0.6261,0.0000,0.0000,0.0001,0.6250,0.0009,200,5799.8596
0.6241,0.0000,0.0000,0.0000,0.6219,0.0021,200,5800.4857
0.6174,0.0000,0.0000,0.0001,0.6157,0.0016,200,5801.1098
0.6403,0.0000,0.0000,0.0001,0.6385,0.0016,200,5801.7272
0.6676,0.0000,0.0000,0.0001,0.6667,0.0008,200,5802.3675
0.6262,0.0000,0.0000,0.0000,0.6247,0.0014,200,5803.0351
0.6348,0.0000,0.0000,0.0001,0.6345,0.0002,200,5803.6614
0.6087,0.0000,0.0000,0.0001,0.6068,0.0017,200,5804.2961
0.6201,0.0000,0.0000,0.0001,0.6182,0.0018,200,5804.9049
0.6990,0.0000,0.0000,0.0001,0.6976,0.0013,200,5805.5250
0.6558,0.0000,0.0000,0.0001,0.6545,0.0011,200,5806.2240
0.6619,0.0000,0.0000,0.0001,0.6603,0.0015,200,5806.8797
0.6359,0.0000,0.0000,0.0001,0.6341,0.0016,200,5807.5417
0.6324,0.0000,0.0000,0.0002,0.6307,0.0014,200,5808.1776
0.6218,0.0000,0.0000,0.0002,0.6199,0.0016,200,5808.8100
0.6369,0.0000,0.0000,0.0001,0.6351,0.0017,200,5809.4318
0.6035,0.0000,0.0000,0.0001,0.6022,0.0011,200,5810.0688
0.6343,0.0000,0.0000,0.0001,0.6330,0.0011,200,5810.6722
0.6464,0.0000,0.0000,0.0001,0.6438,0.0025,200,5811.3065
0.6384,0.0000,0.0000,0.0001,0.6367,0.0015,200,5811.9529
0.6810,0.0000,0.0000,0.0001,0.6792,0.0017,200,5812.5913
0.6292,0.0000,0.0000,0.0001,0.6274,0.0016,200,5813.2723
0.6382,0.0000,0.0000,0.0001,0.6360,0.0020,200,5813.9015
0.6241,0.0000,0.0000,0.0001,0.6230,0.0010,200,5814.5397
0.6123,0.0000,0.0000,0.0001,0.6102,0.0019,200,5815.1638
0.6538,0.0000,0.0000,0.0001,0.6519,0.0017,200,5815.7760
0.6456,0.0000,0.0000,0.0001,0.6441,0.0014,200,5816.4299
0.6064,0.0000,0.0000,0.0000,0.6046,0.0017,200,5817.0755
0.6379,0.0000,0.0000,0.0001,0.6367,0.0011,200,5817.6819
0.6267,0.0000,0.0000,0.0001,0.6243,0.0023,200,5818.3197
0.6298,0.0000,0.0000,0.0001,0.6281,0.0016,200,5818.9464
0.6394,0.0000,0.0000,0.0001,0.6376,0.0016,200,5819.5762
0.6096,0.0000,0.0000,0.0001,0.6078,0.0017,200,5820.2156
0.6226,0.0000,0.0000,0.0001,0.6204,0.0021,200,5820.8252
0.6218,0.0000,0.0000,0.0001,0.6199,0.0017,200,5821.4478
0.6423,0.0000,0.0000,0.0001,0.6408,0.0014,200,5822.0696
0.6316,0.0000,0.0000,0.0001,0.6308,0.0007,200,5822.7119
0.6176,0.0000,0.0000,0.0000,0.6159,0.0017,200,5823.3435
0.6152,0.0000,0.0000,0.0001,0.6135,0.0016,200,5823.9611
0.6560,0.0000,0.0000,0.0001,0.6536,0.0023,200,5824.5763
0.6350,0.0000,0.0000,0.0001,0.6332,0.0017,200,5825.2324
0.6362,0.0000,0.0000,0.0001,0.6342,0.0018,200,5825.8674
0.6396,0.0000,0.0000,0.0001,0.6375,0.0020,200,5826.5036
0.6312,0.0000,0.0000,0.0001,0.6297,0.0015,200,5827.1432
0.6337,0.0000,0.0000,0.0002,0.6319,0.0015,200,5827.7745
0.6200,0.0000,0.0000,0.0001,0.6180,0.0019,200,5828.4081
0.6398,0.0000,0.0000,0.0001,0.6374,0.0018,200,5829.0282
0.6300,0.0000,0.0000,0.0001,0.6290,0.0010,200,5829.6680
0.6135,0.0000,0.0000,0.0000,0.6114,0.0019,200,5830.2981
0.6165,0.0000,0.0000,0.0001,0.6148,0.0016,200,5830.9115
0.6149,0.0000,0.0000,0.0003,0.6129,0.0012,200,5831.5280
0.6388,0.0000,0.0000,0.0000,0.6371,0.0017,200,5832.1429
0.6331,0.0000,0.0000,0.0001,0.6319,0.0011,200,5832.7818
0.6208,0.0000,0.0000,0.0001,0.6192,0.0014,200,5833.4149
0.6122,0.0000,0.0000,0.0001,0.6104,0.0017,200,5834.0357
0.6288,0.0000,0.0000,0.0001,0.6268,0.0019,200,5834.6479
0.6261,0.0000,0.0000,0.0001,0.6244,0.0016,200,5835.2768
0.6176,0.0000,0.0000,0.0001,0.6157,0.0017,200,5835.9029
0.6507,0.0000,0.0000,0.0001,0.6485,0.0021,200,5836.5205
0.6169,0.0000,0.0000,0.0001,0.6153,0.0014,200,5837.1712
0.6386,0.0000,0.0000,0.0001,0.6368,0.0017,200,5837.7881
0.6216,0.0000,0.0000,0.0001,0.6200,0.0013,200,5838.4267
0.6303,0.0000,0.0000,0.0001,0.6287,0.0015,200,5839.0483
0.6557,0.0000,0.0000,0.0001,0.6543,0.0012,200,5839.6786
0.6188,0.0000,0.0000,0.0001,0.6170,0.0017,200,5840.3342
0.6213,0.0000,0.0000,0.0001,0.6197,0.0015,200,5840.9530
0.6373,0.0000,0.0000,0.0001,0.6359,0.0012,200,5841.5744
0.6216,0.0000,0.0000,0.0001,0.6196,0.0019,200,5842.2117
0.6127,0.0000,0.0000,0.0001,0.6101,0.0025,200,5842.8333
0.6378,0.0000,0.0000,0.0001,0.6360,0.0017,200,5843.4460
0.6242,0.0000,0.0000,0.0001,0.6228,0.0013,200,5844.0837
0.6719,0.0000,0.0000,0.0001,0.6703,0.0015,200,5844.7080
0.6295,0.0000,0.0000,0.0001,0.6280,0.0013,200,5845.3799
0.6123,0.0000,0.0000,0.0001,0.6101,0.0020,200,5846.0093
0.6178,0.0000,0.0000,0.0001,0.6162,0.0015,200,5846.6216
0.6521,0.0000,0.0000,0.0001,0.6504,0.0016,200,5847.2394
0.6361,0.0000,0.0000,0.0001,0.6342,0.0018,200,5847.8915
0.6118,0.0000,0.0000,0.0001,0.6105,0.0012,200,5848.5277
0.6196,0.0000,0.0000,0.0000,0.6175,0.0020,200,5849.1395
0.6627,0.0000,0.0000,0.0002,0.6612,0.0011,200,5849.7590
0.6304,0.0000,0.0000,0.0000,0.6285,0.0019,200,5850.4218
0.6168,0.0000,0.0000,0.0001,0.6152,0.0014,200,5851.0522
0.6236,0.0000,0.0000,0.0001,0.6216,0.0018,200,5851.6690
0.6460,0.0000,0.0000,0.0001,0.6448,0.0009,200,5852.2926
0.6177,0.0000,0.0000,0.0000,0.6159,0.0017,200,5852.9385
0.6506,0.0000,0.0000,0.0001,0.6490,0.0014,200,5853.5563
0.6246,0.0000,0.0000,0.0000,0.6227,0.0018,200,5854.2069
0.6296,0.0000,0.0000,0.0001,0.6277,0.0017,200,5854.8315
0.6192,0.0000,0.0000,0.0001,0.6176,0.0015,200,5855.4610
0.6310,0.0000,0.0000,0.0001,0.6297,0.0012,200,5856.0803
0.6347,0.0000,0.0000,0.0001,0.6331,0.0015,200,5856.7113
0.6295,0.0000,0.0000,0.0001,0.6279,0.0015,200,5857.3460
0.6276,0.0000,0.0000,0.0001,0.6257,0.0018,200,5857.9755
0.6449,0.0000,0.0000,0.0001,0.6438,0.0009,200,5858.6032
0.6575,0.0000,0.0000,0.0001,0.6553,0.0022,200,5859.2481
0.6413,0.0000,0.0000,0.0001,0.6399,0.0013,200,5859.9056
0.7418,0.0000,0.0000,0.0000,0.7403,0.0014,200,5860.5470
0.6222,0.0000,0.0000,0.0003,0.6210,0.0009,200,5861.2888
0.6210,0.0000,0.0000,0.0000,0.6196,0.0013,200,5861.9110
0.6160,0.0000,0.0000,0.0001,0.6147,0.0013,200,5862.5320
0.6093,0.0000,0.0000,0.0001,0.6085,0.0007,200,5863.1481
0.6586,0.0000,0.0000,0.0000,0.6574,0.0011,200,5863.7574
0.6366,0.0000,0.0000,0.0001,0.6350,0.0014,200,5864.4160
0.6247,0.0000,0.0000,0.0001,0.6175,0.0069,200,5865.0525
0.6221,0.0000,0.0000,0.0001,0.6203,0.0016,200,5865.6773
0.6172,0.0000,0.0000,0.0001,0.6151,0.0019,200,5866.2993
0.6690,0.0000,0.0000,0.0001,0.6668,0.0021,200,5866.9165
0.6439,0.0000,0.0000,0.0001,0.6422,0.0017,200,5867.5855
0.6239,0.0000,0.0000,0.0001,0.6222,0.0016,200,5868.2294
0.6468,0.0000,0.0000,0.0001,0.6451,0.0016,200,5868.8533
0.6190,0.0000,0.0000,0.0001,0.6174,0.0015,200,5869.5001
0.9688,0.0000,0.0000,0.0001,0.9672,0.0015,200,5870.1192
0.6472,0.0000,0.0000,0.0001,0.6453,0.0018,200,5871.0880
0.6193,0.0000,0.0000,0.0001,0.6177,0.0015,200,5871.7353
0.6327,0.0000,0.0000,0.0001,0.6317,0.0009,200,5872.3545
0.6178,0.0000,0.0000,0.0001,0.6158,0.0019,200,5872.9872
0.6185,0.0000,0.0000,0.0001,0.6166,0.0017,200,5873.6051
0.6550,0.0000,0.0000,0.0001,0.6535,0.0013,200,5874.2235
0.6369,0.0000,0.0000,0.0000,0.6356,0.0013,200,5874.8785
0.6104,0.0000,0.0000,0.0001,0.6087,0.0015,200,5875.5154
0.6144,0.0000,0.0000,0.0001,0.6123,0.0019,200,5876.1258
0.6482,0.0000,0.0000,0.0001,0.6465,0.0015,200,5876.7402
0.6553,0.0000,0.0000,0.0001,0.6539,0.0013,200,5877.3884
0.6476,0.0000,0.0000,0.0001,0.6459,0.0016,200,5878.0438
0.6302,0.0000,0.0000,0.0001,0.6283,0.0017,200,5878.6914
0.6153,0.0000,0.0000,0.0001,0.6132,0.0020,200,5879.3215
0.6100,0.0000,0.0000,0.0001,0.6091,0.0008,200,5879.9368
0.6587,0.0000,0.0000,0.0000,0.6569,0.0017,200,5880.5468
0.6429,0.0000,0.0000,0.0000,0.6412,0.0017,200,5881.2056
0.6222,0.0000,0.0000,0.0001,0.6205,0.0016,200,5881.8485
0.6172,0.0000,0.0000,0.0001,0.6153,0.0017,200,5882.4707
0.6458,0.0000,0.0000,0.0001,0.6441,0.0016,200,5883.0879
0.6407,0.0000,0.0000,0.0001,0.6390,0.0016,200,5883.7337
1.1128,0.0000,0.0000,0.0001,1.1109,0.0017,200,5884.3744
0.6424,0.0000,0.0000,0.0001,0.6403,0.0020,200,5885.4872
0.6110,0.0000,0.0000,0.0001,0.6090,0.0018,200,5886.1297
0.6329,0.0000,0.0000,0.0001,0.6307,0.0019,200,5886.7407
0.6349,0.0000,0.0000,0.0001,0.6334,0.0014,200,5887.3735
0.6651,0.0000,0.0000,0.0001,0.6633,0.0017,200,5888.0084
0.6300,0.0000,0.0000,0.0001,0.6278,0.0020,200,5888.6735
0.6294,0.0000,0.0000,0.0001,0.6277,0.0016,200,5889.3035
0.6139,0.0000,0.0000,0.0001,0.6131,0.0007,200,5889.9329
0.6258,0.0000,0.0000,0.0000,0.6242,0.0015,200,5890.5468
0.6450,0.0000,0.0000,0.0001,0.6429,0.0018,200,5891.1726
0.6106,0.0000,0.0000,0.0001,0.6086,0.0018,200,5891.8176
0.6293,0.0000,0.0000,0.0001,0.6274,0.0018,200,5892.4282
0.6269,0.0000,0.0000,0.0001,0.6258,0.0010,200,5893.0575
0.6032,0.0000,0.0000,0.0001,0.6022,0.0009,200,5893.6844
0.6278,0.0000,0.0000,0.0001,0.6258,0.0018,200,5894.2876
0.6528,0.0000,0.0000,0.0001,0.6511,0.0016,200,5894.9154
0.6863,0.0000,0.0000,0.0001,0.6845,0.0016,200,5895.5682
0.6163,0.0000,0.0000,0.0001,0.6147,0.0015,200,5896.2545
0.6274,0.0000,0.0000,0.0001,0.6259,0.0014,200,5896.8709
0.6457,0.0000,0.0000,0.0001,0.6441,0.0015,200,5897.4982
0.6628,0.0000,0.0000,0.0004,0.6608,0.0016,200,5898.1440
0.6387,0.0000,0.0000,0.0001,0.6358,0.0027,200,5898.8068
0.6036,0.0000,0.0000,0.0001,0.6024,0.0011,200,5899.4454
0.6268,0.0000,0.0000,0.0001,0.6255,0.0012,200,5900.0491
0.6255,0.0000,0.0000,0.0001,0.6234,0.0020,200,5900.6758
0.6025,0.0000,0.0000,0.0001,0.6007,0.0016,200,5901.3014
0.6164,0.0000,0.0000,0.0001,0.6146,0.0016,200,5901.9039
0.6156,0.0000,0.0000,0.0001,0.6137,0.0018,200,5902.5203
0.6071,0.0000,0.0000,0.0000,0.6054,0.0016,200,5903.1359
0.6471,0.0000,0.0000,0.0001,0.6455,0.0014,200,5903.7431
0.6337,0.0000,0.0000,0.0001,0.6318,0.0017,200,5904.3901
0.6624,0.0000,0.0000,0.0001,0.6608,0.0014,200,5905.0238
0.6490,0.0000,0.0000,0.0001,0.6480,0.0009,200,5905.6862
0.6146,0.0000,0.0000,0.0001,0.6127,0.0018,200,5906.3352
0.6454,0.0000,0.0000,0.0001,0.6439,0.0013,200,5906.9498
0.6346,0.0000,0.0000,0.0000,0.6330,0.0015,200,5907.5952
0.6134,0.0000,0.0000,0.0001,0.6115,0.0018,200,5908.2298
0.6397,0.0000,0.0000,0.0001,0.6382,0.0013,200,5908.8432
0.6414,0.0000,0.0000,0.0001,0.6398,0.0015,200,5909.4830
0.6195,0.0000,0.0000,0.0001,0.6181,0.0014,200,5910.1244
0.6306,0.0000,0.0000,0.0001,0.6284,0.0020,200,5910.7439
0.6371,0.0000,0.0000,0.0001,0.6353,0.0017,200,5911.3745
0.6333,0.0000,0.0000,0.0001,0.6321,0.0012,200,5912.0116
0.6350,0.0000,0.0000,0.0002,0.6333,0.0015,200,5912.6449
0.6124,0.0000,0.0000,0.0001,0.6106,0.0017,200,5913.2800
0.6078,0.0000,0.0000,0.0001,0.6060,0.0016,200,5913.8924
0.6380,0.0000,0.0000,0.0001,0.6365,0.0013,200,5914.5002
0.6520,0.0000,0.0000,0.0001,0.6506,0.0013,200,5915.1382
0.6471,0.0000,0.0000,0.0001,0.6452,0.0017,200,5915.7902
0.6362,0.0000,0.0000,0.0001,0.6345,0.0016,200,5916.4374
0.6108,0.0000,0.0000,0.0001,0.6093,0.0015,200,5917.0735
0.6277,0.0000,0.0000,0.0003,0.6260,0.0014,200,5917.6844
0.6794,0.0000,0.0000,0.0001,0.6776,0.0017,200,5918.3121
0.6583,0.0000,0.0000,0.0001,0.6567,0.0015,200,5918.9915
0.6265,0.0000,0.0000,0.0001,0.6248,0.0016,200,5919.6498
0.6251,0.0000,0.0000,0.0001,0.6229,0.0021,200,5920.2762
0.6486,0.0000,0.0000,0.0001,0.6469,0.0015,200,5920.9014
0.6237,0.0000,0.0000,0.0000,0.6221,0.0015,200,5921.5500
0.6075,0.0000,0.0000,0.0001,0.6059,0.0015,200,5922.1737
0.6392,0.0000,0.0000,0.0001,0.6382,0.0010,200,5922.7812
0.6511,0.0000,0.0000,0.0000,0.6494,0.0017,200,5923.4204
0.6335,0.0000,0.0000,0.0000,0.6315,0.0018,200,5924.0716
0.6310,0.0000,0.0000,0.0000,0.6292,0.0017,200,5924.7050
0.6422,0.0000,0.0000,0.0001,0.6404,0.0017,200,5925.3361
0.6294,0.0000,0.0000,0.0001,0.6273,0.0020,200,5925.9783
0.6521,0.0000,0.0000,0.0001,0.6499,0.0020,200,5926.6077
0.6299,0.0000,0.0000,0.0001,0.6284,0.0015,200,5927.2598
0.6167,0.0000,0.0000,0.0001,0.6151,0.0014,200,5927.8898
0.6240,0.0000,0.0000,0.0001,0.6229,0.0010,200,5928.5064
0.6656,0.0000,0.0000,0.0001,0.6641,0.0013,200,5929.1304
0.6230,0.0000,0.0000,0.0001,0.6209,0.0020,200,5929.7961
0.6413,0.0000,0.0000,0.0001,0.6395,0.0017,200,5930.4190
0.6315,0.0000,0.0000,0.0001,0.6298,0.0015,200,5931.0604
0.6152,0.0000,0.0000,0.0001,0.6131,0.0020,200,5931.6919
0.6453,0.0000,0.0000,0.0001,0.6436,0.0016,200,5932.3071
0.6340,0.0000,0.0000,0.0001,0.6324,0.0014,200,5932.9524
0.6139,0.0000,0.0000,0.0001,0.6123,0.0016,200,5933.5864
0.6372,0.0000,0.0000,0.0001,0.6351,0.0019,200,5934.2003
0.6226,0.0000,0.0000,0.0001,0.6204,0.0021,200,5934.8375
0.5984,0.0000,0.0000,0.0001,0.5973,0.0009,200,5935.4602
0.6451,0.0000,0.0000,0.0000,0.6434,0.0017,200,5936.0586
0.6344,0.0000,0.0000,0.0001,0.6325,0.0018,200,5936.7037
0.6239,0.0000,0.0000,0.0001,0.6228,0.0009,200,5937.3381
0.6257,0.0000,0.0000,0.0001,0.6240,0.0016,200,5937.9619
0.6323,0.0000,0.0000,0.0001,0.6311,0.0011,200,5938.5877
0.6446,0.0000,0.0000,0.0001,0.6424,0.0021,200,5939.2200
0.6290,0.0000,0.0000,0.0001,0.6279,0.0008,200,5939.8646
0.6180,0.0000,0.0000,0.0000,0.6162,0.0017,200,5940.4936
0.6222,0.0000,0.0000,0.0001,0.6203,0.0017,200,5941.1116
0.6370,0.0000,0.0000,0.0001,0.6353,0.0016,200,5941.7338
0.6306,0.0000,0.0000,0.0001,0.6288,0.0017,200,5942.3708
0.6261,0.0000,0.0000,0.0001,0.6245,0.0015,200,5943.0014
0.6197,0.0000,0.0000,0.0001,0.6185,0.0012,200,5943.6275
0.6225,0.0000,0.0000,0.0001,0.6184,0.0040,200,5944.2472
0.6358,0.0000,0.0000,0.0001,0.6339,0.0018,200,5944.8698
0.6403,0.0000,0.0000,0.0001,0.6370,0.0032,200,5945.5055
0.6175,0.0000,0.0000,0.0001,0.6165,0.0008,200,5946.1459
0.6264,0.0000,0.0000,0.0001,0.6248,0.0016,200,5946.7634
0.6257,0.0000,0.0000,0.0001,0.6239,0.0016,200,5947.3898
0.6686,0.0000,0.0000,0.0001,0.6669,0.0014,200,5948.0155
0.6275,0.0000,0.0000,0.0001,0.6258,0.0016,200,5948.6841
0.6252,0.0000,0.0000,0.0001,0.6235,0.0015,200,5949.3116
0.6767,0.0000,0.0000,0.0001,0.6744,0.0022,200,5949.9369
0.6637,0.0000,0.0000,0.0001,0.6616,0.0016,200,5950.6136
0.6826,0.0000,0.0000,0.0001,0.6811,0.0014,200,5951.2773
0.6368,0.0000,0.0000,0.0001,0.6345,0.0021,200,5951.9600
0.6278,0.0000,0.0000,0.0001,0.6259,0.0018,200,5952.5967
0.6694,0.0000,0.0000,0.0001,0.6679,0.0013,200,5953.2247
0.6017,0.0000,0.0000,0.0001,0.6000,0.0016,200,5953.8941
0.6247,0.0000,0.0000,0.0001,0.6230,0.0015,200,5954.4958
0.6253,0.0000,0.0000,0.0001,0.6241,0.0008,200,5955.1205
0.6204,0.0000,0.0000,0.0001,0.6192,0.0010,200,5955.7458
0.6530,0.0000,0.0000,0.0001,0.6513,0.0016,200,5956.3662
0.6350,0.0000,0.0000,0.0001,0.6335,0.0013,200,5957.0191
0.6270,0.0000,0.0000,0.0001,0.6216,0.0053,200,5957.6541
0.6485,0.0000,0.0000,0.0001,0.6464,0.0020,200,5958.2811
0.6282,0.0000,0.0000,0.0001,0.6266,0.0015,200,5958.9296
0.6513,0.0000,0.0000,0.0001,0.6494,0.0018,200,5959.5579
0.6303,0.0000,0.0000,0.0001,0.6287,0.0015,200,5960.2092
0.6303,0.0000,0.0000,0.0001,0.6283,0.0018,200,5960.8395
0.6135,0.0000,0.0000,0.0000,0.6116,0.0018,200,5961.4698
0.6367,0.0000,0.0000,0.0001,0.6351,0.0015,200,5962.0833
0.6216,0.0000,0.0000,0.0001,0.6201,0.0014,200,5962.7200
0.6221,0.0000,0.0000,0.0001,0.6204,0.0016,200,5963.3416
0.6020,0.0000,0.0000,0.0001,0.6002,0.0017,200,5963.9637
0.6560,0.0000,0.0000,0.0001,0.6543,0.0015,200,5964.5657
0.6245,0.0000,0.0000,0.0001,0.6230,0.0014,200,5965.2217
0.6334,0.0000,0.0000,0.0001,0.6313,0.0020,200,5965.8462
0.6544,0.0000,0.0000,0.0001,0.6526,0.0017,200,5966.4796
0.7970,0.0000,0.0000,0.0001,0.7950,0.0018,200,5967.1340
0.6052,0.0000,0.0000,0.0001,0.6034,0.0017,200,5967.9310
0.6671,0.0000,0.0000,0.0001,0.6651,0.0018,200,5968.5362
0.6187,0.0000,0.0000,0.0001,0.6163,0.0022,200,5969.2033
0.6443,0.0000,0.0000,0.0001,0.6431,0.0011,200,5969.8220
0.6155,0.0000,0.0000,0.0001,0.6137,0.0016,200,5970.4663
0.6227,0.0000,0.0000,0.0001,0.6209,0.0016,200,5971.0818
0.6171,0.0000,0.0000,0.0001,0.6153,0.0017,200,5971.7045
0.6316,0.0000,0.0000,0.0001,0.6297,0.0018,200,5972.3216
0.6177,0.0000,0.0000,0.0001,0.6166,0.0010,200,5972.9532
0.6203,0.0000,0.0000,0.0000,0.6186,0.0017,200,5973.5710
0.6062,0.0000,0.0000,0.0001,0.6044,0.0017,200,5974.1913
0.6144,0.0000,0.0000,0.0001,0.6129,0.0014,200,5974.7975
0.6275,0.0000,0.0000,0.0001,0.6260,0.0014,200,5975.4120
0.6147,0.0000,0.0000,0.0001,0.6131,0.0014,200,5976.0395
0.6692,0.0000,0.0000,0.0001,0.6675,0.0016,200,5976.6542
0.6281,0.0000,0.0000,0.0000,0.6265,0.0015,200,5977.3234
0.6329,0.0000,0.0000,0.0001,0.6311,0.0016,200,5977.9515
0.6314,0.0000,0.0000,0.0001,0.6295,0.0017,200,5978.5844
0.6141,0.0000,0.0000,0.0001,0.6122,0.0018,200,5979.2157
0.6492,0.0000,0.0000,0.0001,0.6482,0.0008,200,5979.8299
0.6687,0.0000,0.0000,0.0000,0.6672,0.0014,200,5980.4791
0.6551,0.0000,0.0000,0.0000,0.6451,0.0099,200,5981.1478
0.6117,0.0000,0.0000,0.0001,0.6100,0.0015,200,5981.8030
0.6157,0.0000,0.0000,0.0001,0.6138,0.0017,200,5982.4147
0.6409,0.0000,0.0000,0.0001,0.6406,0.0002,200,5983.0304
0.6339,0.0000,0.0000,0.0001,0.6321,0.0016,200,5983.6713
0.6261,0.0000,0.0000,0.0001,0.6242,0.0018,200,5984.3053
0.6220,0.0000,0.0000,0.0001,0.6197,0.0022,200,5984.9313
0.6063,0.0000,0.0000,0.0001,0.6046,0.0016,200,5985.5534
0.6261,0.0000,0.0000,0.0001,0.6249,0.0011,200,5986.1596
0.6889,0.0000,0.0000,0.0001,0.6874,0.0013,200,5986.7858
0.6334,0.0000,0.0000,0.0000,0.6318,0.0015,200,5987.4746
0.6103,0.0000,0.0000,0.0001,0.6088,0.0015,200,5988.1081
0.6336,0.0000,0.0000,0.0001,0.6324,0.0011,200,5988.7184
0.6258,0.0000,0.0000,0.0001,0.6255,0.0002,200,5989.3520
0.6419,0.0000,0.0000,0.0001,0.6403,0.0015,200,5989.9779
0.6253,0.0000,0.0000,0.0001,0.6234,0.0017,200,5990.6197
0.6483,0.0000,0.0000,0.0001,0.6463,0.0019,200,5991.2450
0.6229,0.0000,0.0000,0.0001,0.6209,0.0019,200,5991.8933
0.6212,0.0000,0.0000,0.0001,0.6191,0.0019,200,5992.5162
0.6167,0.0000,0.0000,0.0001,0.6153,0.0013,200,5993.1373
0.6417,0.0000,0.0000,0.0001,0.6402,0.0015,200,5993.7541
0.6355,0.0000,0.0000,0.0001,0.6339,0.0014,200,5994.3958
0.6300,0.0000,0.0000,0.0001,0.6283,0.0015,200,5995.0313
0.6401,0.0000,0.0000,0.0001,0.6381,0.0018,200,5995.6612
0.6367,0.0000,0.0000,0.0001,0.6346,0.0020,200,5996.3013
0.6458,0.0000,0.0000,0.0000,0.6449,0.0008,200,5996.9381
0.6144,0.0000,0.0000,0.0000,0.6131,0.0013,200,5997.5838
0.6811,0.0000,0.0000,0.0001,0.6794,0.0015,200,5998.1983
0.6207,0.0000,0.0000,0.0001,0.6191,0.0014,200,5998.8793
0.6176,0.0000,0.0000,0.0001,0.6162,0.0013,200,5999.5000
1.2019,0.0000,0.0000,0.0000,1.2002,0.0016,200,6000.1176
0.6229,0.0000,0.0000,0.0001,0.6217,0.0011,200,6001.3196
0.6091,0.0000,0.0000,0.0001,0.6072,0.0017,200,6001.9425
0.6167,0.0000,0.0000,0.0001,0.6150,0.0015,200,6002.5515
0.6417,0.0000,0.0000,0.0001,0.6405,0.0011,200,6003.1683
0.6187,0.0000,0.0000,0.0001,0.6166,0.0019,200,6003.8100
0.6543,0.0000,0.0000,0.0001,0.6525,0.0016,200,6004.4287
0.6187,0.0000,0.0000,0.0001,0.6171,0.0015,200,6005.0830
0.6561,0.0000,0.0000,0.0001,0.6549,0.0011,200,6005.7017
0.6260,0.0000,0.0000,0.0001,0.6243,0.0016,200,6006.3578
0.6219,0.0000,0.0000,0.0001,0.6205,0.0013,200,6006.9838
0.6695,0.0000,0.0000,0.0001,0.6678,0.0015,200,6007.6057
0.6093,0.0000,0.0000,0.0001,0.6076,0.0016,200,6008.2752
0.6479,0.0000,0.0000,0.0001,0.6462,0.0016,200,6008.8845
0.6444,0.0000,0.0000,0.0001,0.6439,0.0003,200,6009.5324
0.6370,0.0000,0.0000,0.0001,0.6356,0.0013,200,6010.1769
0.6740,0.0000,0.0000,0.0000,0.6723,0.0016,200,6010.8139
1.5204,0.0000,0.0000,0.0001,1.5189,0.0014,200,6011.4879
0.6220,0.0000,0.0000,0.0001,0.6205,0.0015,200,6013.0083
0.6266,0.0000,0.0000,0.0001,0.6247,0.0017,200,6013.6304
0.6711,0.0000,0.0000,0.0001,0.6695,0.0015,200,6014.2569
0.6383,0.0000,0.0000,0.0001,0.6367,0.0015,200,6014.9280
0.6263,0.0000,0.0000,0.0001,0.6248,0.0014,200,6015.5663
0.6427,0.0000,0.0000,0.0001,0.6408,0.0015,200,6016.1926
0.6527,0.0000,0.0000,0.0001,0.6510,0.0016,200,6016.8352
0.6028,0.0000,0.0000,0.0001,0.6021,0.0006,200,6017.4879
0.6375,0.0000,0.0000,0.0000,0.6360,0.0015,200,6018.0907
0.6257,0.0000,0.0000,0.0002,0.6239,0.0016,200,6018.7282
0.6100,0.0000,0.0000,0.0001,0.6084,0.0015,200,6019.3539
0.6203,0.0000,0.0000,0.0001,0.6186,0.0016,200,6019.9639
0.6718,0.0000,0.0000,0.0001,0.6701,0.0015,200,6020.5842
0.6214,0.0000,0.0000,0.0000,0.6194,0.0019,200,6021.2560
0.6242,0.0000,0.0000,0.0001,0.6223,0.0018,200,6021.8774
0.6228,0.0000,0.0000,0.0001,0.6208,0.0019,200,6022.5016
0.6568,0.0000,0.0000,0.0001,0.6547,0.0020,200,6023.1244
0.6102,0.0000,0.0000,0.0001,0.6093,0.0008,200,6023.7812
0.6179,0.0000,0.0000,0.0000,0.6160,0.0018,200,6024.3915
0.6383,0.0000,0.0000,0.0001,0.6367,0.0015,200,6025.0093
0.6018,0.0000,0.0000,0.0001,0.5997,0.0019,200,6025.6476
0.6265,0.0000,0.0000,0.0001,0.6249,0.0014,200,6026.2494
0.6222,0.0000,0.0000,0.0001,0.6213,0.0008,200,6026.8759
0.6259,0.0000,0.0000,0.0000,0.6244,0.0014,200,6027.4980
0.6317,0.0000,0.0000,0.0001,0.6297,0.0018,200,6028.1239
0.6203,0.0000,0.0000,0.0001,0.6180,0.0022,200,6028.7556
0.6518,0.0000,0.0000,0.0000,0.6501,0.0016,200,6029.3759
0.6203,0.0000,0.0000,0.0001,0.6187,0.0015,200,6030.0277
0.6204,0.0000,0.0000,0.0001,0.6187,0.0017,200,6030.6480
0.6321,0.0000,0.0000,0.0001,0.6306,0.0014,200,6031.2684
0.6440,0.0000,0.0000,0.0001,0.6423,0.0014,200,6031.9006
0.6272,0.0000,0.0000,0.0002,0.6255,0.0014,200,6032.5445
0.6157,0.0000,0.0000,0.0001,0.6143,0.0013,200,6033.1717
0.6175,0.0000,0.0000,0.0001,0.6164,0.0010,200,6033.7875
0.6086,0.0000,0.0000,0.0000,0.6066,0.0019,200,6034.4050
0.6341,0.0000,0.0000,0.0001,0.6322,0.0017,200,6035.0136
0.6376,0.0000,0.0000,0.0001,0.6359,0.0016,200,6035.6477
0.6575,0.0000,0.0000,0.0001,0.6557,0.0016,200,6036.2853
0.6580,0.0000,0.0000,0.0001,0.6562,0.0016,200,6036.9428
0.6253,0.0000,0.0000,0.0001,0.6238,0.0015,200,6037.6008
0.6384,0.0000,0.0000,0.0001,0.6375,0.0008,200,6038.2261
0.6391,0.0000,0.0000,0.0000,0.6373,0.0018,200,6038.8645
0.6373,0.0000,0.0000,0.0001,0.6351,0.0020,200,6039.5036
0.6926,0.0000,0.0000,0.0001,0.6906,0.0019,200,6040.1409
0.6368,0.0000,0.0000,0.0001,0.6350,0.0017,200,6040.8335
0.6326,0.0000,0.0000,0.0001,0.6309,0.0016,200,6041.4703
0.6230,0.0000,0.0000,0.0001,0.6217,0.0012,200,6042.1029
0.6181,0.0000,0.0000,0.0001,0.6167,0.0013,200,6042.7260
0.6164,0.0000,0.0000,0.0001,0.6149,0.0014,200,6043.3441
0.6114,0.0000,0.0000,0.0001,0.6101,0.0011,200,6043.9605
0.6399,0.0000,0.0000,0.0000,0.6382,0.0017,200,6044.5719
0.6312,0.0000,0.0000,0.0001,0.6291,0.0019,200,6045.2118
0.6311,0.0000,0.0000,0.0001,0.6299,0.0011,200,6045.8430
0.6478,0.0000,0.0000,0.0001,0.6462,0.0015,200,6046.4741
0.6398,0.0000,0.0000,0.0001,0.6328,0.0069,200,6047.1219
0.6421,0.0000,0.0000,0.0001,0.6399,0.0021,200,6047.7617
0.6523,0.0000,0.0000,0.0001,0.6507,0.0014,200,6048.4038
0.6166,0.0000,0.0000,0.0001,0.6145,0.0019,200,6049.0562
0.6591,0.0000,0.0000,0.0001,0.6574,0.0016,200,6049.6727
0.6081,0.0000,0.0000,0.0001,0.6065,0.0015,200,6050.3319
0.6250,0.0000,0.0000,0.0001,0.6231,0.0018,200,6050.9399
0.6215,0.0000,0.0000,0.0001,0.6191,0.0023,200,6051.5650
0.6349,0.0000,0.0000,0.0001,0.6332,0.0015,200,6052.1865
0.6268,0.0000,0.0000,0.0001,0.6248,0.0019,200,6052.8214
0.6300,0.0000,0.0000,0.0001,0.6284,0.0014,200,6053.4482
0.6304,0.0000,0.0000,0.0001,0.6288,0.0015,200,6054.0782
0.6210,0.0000,0.0000,0.0001,0.6189,0.0019,200,6054.7086
0.6367,0.0000,0.0000,0.0001,0.6352,0.0013,200,6055.3296
0.6709,0.0000,0.0000,0.0001,0.6690,0.0018,200,6055.9663
0.6366,0.0000,0.0000,0.0001,0.6349,0.0016,200,6056.6372
0.6317,0.0000,0.0000,0.0001,0.6301,0.0015,200,6057.2738
0.6190,0.0000,0.0000,0.0001,0.6175,0.0014,200,6057.9056
0.6154,0.0000,0.0000,0.0001,0.6143,0.0008,200,6058.5245
0.6317,0.0000,0.0000,0.0000,0.6299,0.0017,200,6059.1399
0.6399,0.0000,0.0000,0.0001,0.6382,0.0015,200,6059.7716
0.6098,0.0000,0.0000,0.0001,0.6080,0.0017,200,6060.4115
0.6210,0.0000,0.0000,0.0001,0.6191,0.0018,200,6061.0214
0.6188,0.0000,0.0000,0.0001,0.6170,0.0017,200,6061.6424
0.6342,0.0000,0.0000,0.0001,0.6324,0.0017,200,6062.2612
0.6204,0.0000,0.0000,0.0001,0.6187,0.0015,200,6062.8955
0.6203,0.0000,0.0000,0.0001,0.6185,0.0016,200,6063.5158
0.6266,0.0000,0.0000,0.0001,0.6246,0.0018,200,6064.1361
0.6241,0.0000,0.0000,0.0001,0.6226,0.0014,200,6064.7627
0.6287,0.0000,0.0000,0.0001,0.6269,0.0017,200,6065.3868
0.6543,0.0000,0.0000,0.0001,0.6522,0.0019,200,6066.0155
0.6220,0.0000,0.0000,0.0001,0.6204,0.0016,200,6066.6698
0.6161,0.0000,0.0000,0.0001,0.6143,0.0017,200,6067.2918
0.6227,0.0000,0.0000,0.0001,0.6207,0.0019,200,6067.9079
0.6168,0.0000,0.0000,0.0001,0.6149,0.0017,200,6068.5307
0.6309,0.0000,0.0000,0.0001,0.6296,0.0012,200,6069.1474
0.6096,0.0000,0.0000,0.0001,0.6078,0.0016,200,6069.7783
0.6280,0.0000,0.0000,0.0001,0.6265,0.0014,200,6070.3879
0.6360,0.0000,0.0000,0.0001,0.6341,0.0018,200,6071.0159
0.6304,0.0000,0.0000,0.0001,0.6288,0.0015,200,6071.6520
0.6338,0.0000,0.0000,0.0001,0.6321,0.0016,200,6072.2824
0.6149,0.0000,0.0000,0.0001,0.6128,0.0020,200,6072.9162
0.6355,0.0000,0.0000,0.0001,0.6336,0.0017,200,6073.5311
0.6356,0.0000,0.0000,0.0001,0.6339,0.0015,200,6074.1666
0.6532,0.0000,0.0000,0.0001,0.6515,0.0016,200,6074.8022
0.5982,0.0000,0.0000,0.0001,0.5959,0.0022,200,6075.4554
0.6148,0.0000,0.0000,0.0001,0.6136,0.0010,200,6076.0536
0.6201,0.0000,0.0000,0.0002,0.6182,0.0016,200,6076.6684
0.6104,0.0000,0.0000,0.0001,0.6088,0.0015,200,6077.2885
0.6169,0.0000,0.0000,0.0001,0.6150,0.0018,200,6077.8989
0.6160,0.0000,0.0000,0.0001,0.6145,0.0013,200,6078.5158
0.6640,0.0000,0.0000,0.0001,0.6626,0.0013,200,6079.1318
0.6518,0.0000,0.0000,0.0000,0.6503,0.0014,200,6079.7957
0.6252,0.0000,0.0000,0.0001,0.6230,0.0021,200,6080.4475
0.6392,0.0000,0.0000,0.0001,0.6375,0.0016,200,6081.0728
0.6358,0.0000,0.0000,0.0001,0.6344,0.0013,200,6081.7120
0.6170,0.0000,0.0000,0.0001,0.6162,0.0007,200,6082.3478
0.6327,0.0000,0.0000,0.0000,0.6307,0.0020,200,6082.9648
0.6146,0.0000,0.0000,0.0001,0.6129,0.0015,200,6083.5975
0.6576,0.0000,0.0000,0.0001,0.6556,0.0018,200,6084.2121
0.6292,0.0000,0.0000,0.0001,0.6275,0.0016,200,6084.8697
0.5915,0.0000,0.0000,0.0001,0.5894,0.0020,200,6085.4989
0.6177,0.0000,0.0000,0.0001,0.6162,0.0015,200,6086.0904
0.6174,0.0000,0.0000,0.0001,0.6153,0.0020,200,6086.7082
0.6019,0.0000,0.0000,0.0001,0.6005,0.0013,200,6087.3255
0.6147,0.0000,0.0000,0.0001,0.6129,0.0017,200,6087.9274
0.6203,0.0000,0.0000,0.0001,0.6184,0.0017,200,6088.5422
0.6136,0.0000,0.0000,0.0001,0.6119,0.0016,200,6089.1624
0.6268,0.0000,0.0000,0.0001,0.6252,0.0016,200,6089.7761
0.6284,0.0000,0.0000,0.0000,0.6267,0.0016,200,6090.4029
0.6082,0.0000,0.0000,0.0001,0.6065,0.0015,200,6091.0313
0.6224,0.0000,0.0000,0.0001,0.6209,0.0014,200,6091.6394
0.6409,0.0000,0.0000,0.0001,0.6393,0.0015,200,6092.2619
0.6308,0.0000,0.0000,0.0001,0.6288,0.0019,200,6092.9028
0.6163,0.0000,0.0000,0.0001,0.6148,0.0014,200,6093.5335
0.6659,0.0000,0.0000,0.0001,0.6631,0.0028,200,6094.1498
0.6579,0.0000,0.0000,0.0001,0.6560,0.0018,200,6094.8158
0.6361,0.0000,0.0000,0.0000,0.6338,0.0022,200,6095.4737
0.6517,0.0000,0.0000,0.0001,0.6498,0.0018,200,6096.1099
0.6076,0.0000,0.0000,0.0001,0.6056,0.0019,200,6096.7616
0.6231,0.0000,0.0000,0.0001,0.6215,0.0014,200,6097.3691
0.6495,0.0000,0.0000,0.0001,0.6481,0.0012,200,6097.9922
0.6357,0.0000,0.0000,0.0001,0.6340,0.0016,200,6098.6417
0.6334,0.0000,0.0000,0.0001,0.6319,0.0013,200,6099.2774
0.6366,0.0000,0.0000,0.0001,0.6351,0.0014,200,6099.9108
0.6803,0.0000,0.0000,0.0001,0.6793,0.0008,200,6100.5474
0.6067,0.0000,0.0000,0.0001,0.6056,0.0010,200,6101.2277
0.6017,0.0000,0.0000,0.0001,0.5999,0.0017,200,6101.8343
0.6371,0.0000,0.0000,0.0001,0.6350,0.0019,200,6102.4361
0.6314,0.0000,0.0000,0.0001,0.6295,0.0017,200,6103.0732
0.6333,0.0000,0.0000,0.0001,0.6313,0.0018,200,6103.7045
0.6091,0.0000,0.0000,0.0001,0.6072,0.0019,200,6104.3378
0.6422,0.0000,0.0000,0.0001,0.6403,0.0018,200,6104.9470
0.6297,0.0000,0.0000,0.0001,0.6283,0.0013,200,6105.5892
0.6151,0.0000,0.0000,0.0001,0.6130,0.0020,200,6106.2189
0.6064,0.0000,0.0000,0.0001,0.6048,0.0015,200,6106.8341
0.6189,0.0000,0.0000,0.0002,0.6171,0.0016,200,6107.4405
0.6162,0.0000,0.0000,0.0001,0.6140,0.0021,200,6108.0594
0.6220,0.0000,0.0000,0.0001,0.6201,0.0018,200,6108.6756
0.6340,0.0000,0.0000,0.0001,0.6322,0.0017,200,6109.2976
0.6913,0.0000,0.0000,0.0001,0.6900,0.0012,200,6109.9316
0.6425,0.0000,0.0000,0.0000,0.6409,0.0016,200,6110.6229
0.6263,0.0000,0.0000,0.0001,0.6251,0.0010,200,6111.2655
0.6101,0.0000,0.0000,0.0001,0.6089,0.0011,200,6111.8917
0.6521,0.0000,0.0000,0.0001,0.6506,0.0014,200,6112.5019
0.6326,0.0000,0.0000,0.0001,0.6311,0.0013,200,6113.1540
0.6271,0.0000,0.0000,0.0001,0.6249,0.0020,200,6113.7866
0.6301,0.0000,0.0000,0.0001,0.6284,0.0016,200,6114.4136
0.6316,0.0000,0.0000,0.0001,0.6302,0.0013,200,6115.0437
0.6286,0.0000,0.0000,0.0001,0.6272,0.0013,200,6115.6754
0.6196,0.0000,0.0000,0.0001,0.6182,0.0013,200,6116.3040
0.6329,0.0000,0.0000,0.0001,0.6311,0.0016,200,6116.9236
0.6290,0.0000,0.0000,0.0001,0.6269,0.0018,200,6117.5565
0.6088,0.0000,0.0000,0.0001,0.6072,0.0015,200,6118.1856
0.6410,0.0000,0.0000,0.0001,0.6395,0.0015,200,6118.7943
0.6193,0.0000,0.0000,0.0001,0.6176,0.0017,200,6119.4354
0.6749,0.0000,0.0000,0.0001,0.6736,0.0011,200,6120.0547
0.6094,0.0000,0.0000,0.0000,0.6080,0.0011,200,6120.7296
0.6149,0.0000,0.0000,0.0000,0.6133,0.0015,200,6121.3390
0.6238,0.0000,0.0000,0.0001,0.6219,0.0018,200,6121.9539
0.6260,0.0000,0.0000,0.0001,0.6240,0.0019,200,6122.5778
0.6469,0.0000,0.0000,0.0001,0.6457,0.0011,200,6123.2038
0.6191,0.0000,0.0000,0.0000,0.6161,0.0028,200,6123.8506
0.6226,0.0000,0.0000,0.0001,0.6203,0.0016,200,6124.4697
0.6181,0.0000,0.0000,0.0001,0.6167,0.0013,200,6125.0923
0.6585,0.0000,0.0000,0.0001,0.6568,0.0016,200,6125.7104
0.6190,0.0000,0.0000,0.0001,0.6174,0.0015,200,6126.3689
0.6233,0.0000,0.0000,0.0001,0.6220,0.0012,200,6126.9879
0.6175,0.0000,0.0000,0.0000,0.6155,0.0019,200,6127.6112
0.6033,0.0000,0.0000,0.0001,0.6014,0.0018,200,6128.2287
1.0018,0.0000,0.0000,0.0001,0.9998,0.0019,200,6128.8320
0.6326,0.0000,0.0000,0.0000,0.6309,0.0016,200,6129.8339
0.6669,0.0000,0.0000,0.0005,0.6643,0.0020,200,6130.4665
0.6229,0.0000,0.0000,0.0001,0.6214,0.0014,200,6131.1334
0.6442,0.0000,0.0000,0.0001,0.6427,0.0013,200,6131.7562
0.6318,0.0000,0.0000,0.0002,0.6298,0.0018,200,6132.4004
0.6294,0.0000,0.0000,0.0001,0.6274,0.0018,200,6133.0322
0.6187,0.0000,0.0000,0.0001,0.6173,0.0013,200,6133.6616
0.6122,0.0000,0.0000,0.0001,0.6107,0.0014,200,6134.2803
0.6521,0.0000,0.0000,0.0003,0.6501,0.0016,200,6134.8925
0.6118,0.0000,0.0000,0.0001,0.6105,0.0011,200,6135.5446
0.6719,0.0000,0.0000,0.0001,0.6708,0.0010,200,6136.1564
0.6472,0.0000,0.0000,0.0000,0.6455,0.0016,200,6136.8284
0.6414,0.0000,0.0000,0.0000,0.6395,0.0018,200,6137.4755
0.6293,0.0000,0.0000,0.0000,0.6278,0.0014,200,6138.1169
0.6174,0.0000,0.0000,0.0001,0.6154,0.0019,200,6138.7462
0.6150,0.0000,0.0000,0.0001,0.6135,0.0014,200,6139.3636
0.6589,0.0000,0.0000,0.0000,0.6567,0.0021,200,6139.9786
0.6700,0.0000,0.0000,0.0001,0.6692,0.0007,200,6140.6375
0.6171,0.0000,0.0000,0.0000,0.6150,0.0020,200,6141.3075
0.6332,0.0000,0.0000,0.0001,0.6311,0.0020,200,6141.9246
0.6507,0.0000,0.0000,0.0001,0.6496,0.0010,200,6142.5578
0.6229,0.0000,0.0000,0.0001,0.6214,0.0013,200,6143.2086
0.6111,0.0000,0.0000,0.0001,0.6094,0.0016,200,6143.8315
0.6757,0.0000,0.0000,0.0001,0.6742,0.0014,200,6144.4426
0.6241,0.0000,0.0000,0.0000,0.6224,0.0016,200,6145.1184
0.6149,0.0000,0.0000,0.0001,0.6129,0.0019,200,6145.7425
0.6341,0.0000,0.0000,0.0001,0.6324,0.0016,200,6146.3574
0.6241,0.0000,0.0000,0.0001,0.6223,0.0017,200,6146.9915
0.6372,0.0000,0.0000,0.0001,0.6361,0.0009,200,6147.6156
0.6323,0.0000,0.0000,0.0000,0.6309,0.0014,200,6148.2528
0.5984,0.0000,0.0000,0.0001,0.5972,0.0010,200,6148.8851
0.6607,0.0000,0.0000,0.0001,0.6590,0.0016,200,6149.4835
0.6314,0.0000,0.0000,0.0001,0.6296,0.0017,200,6150.1442
0.7153,0.0000,0.0000,0.0000,0.7145,0.0006,200,6150.7756
0.6309,0.0000,0.0000,0.0000,0.6298,0.0011,200,6151.4909
0.6925,0.0000,0.0000,0.0001,0.6907,0.0017,200,6152.1218
0.6497,0.0000,0.0000,0.0001,0.6480,0.0015,200,6152.8144
0.6257,0.0000,0.0000,0.0000,0.6238,0.0018,200,6153.4641
0.6308,0.0000,0.0000,0.0001,0.6290,0.0017,200,6154.0898
0.6191,0.0000,0.0000,0.0001,0.6173,0.0015,200,6154.7205
0.6147,0.0000,0.0000,0.0001,0.6131,0.0015,200,6155.3396
0.6471,0.0000,0.0000,0.0001,0.6454,0.0016,200,6155.9543
0.6307,0.0000,0.0000,0.0001,0.6289,0.0016,200,6156.6014
0.6391,0.0000,0.0000,0.0001,0.6374,0.0016,200,6157.2321
0.6353,0.0000,0.0000,0.0001,0.6336,0.0016,200,6157.8713
0.6157,0.0000,0.0000,0.0001,0.6141,0.0014,200,6158.5066
0.6632,0.0000,0.0000,0.0000,0.6612,0.0019,200,6159.1223
0.6471,0.0000,0.0000,0.0001,0.6454,0.0016,200,6159.7854
0.6219,0.0000,0.0000,0.0001,0.6202,0.0016,200,6160.4326
0.6430,0.0000,0.0000,0.0001,0.6411,0.0018,200,6161.0545
0.6169,0.0000,0.0000,0.0001,0.6155,0.0012,200,6161.6975
0.6236,0.0000,0.0000,0.0000,0.6216,0.0020,200,6162.3144
0.6339,0.0000,0.0000,0.0001,0.6321,0.0017,200,6162.9380
0.6378,0.0000,0.0000,0.0000,0.6360,0.0016,200,6163.5719
0.6112,0.0000,0.0000,0.0001,0.6093,0.0018,200,6164.2097
0.6457,0.0000,0.0000,0.0001,0.6439,0.0017,200,6164.8209
0.6197,0.0000,0.0000,0.0000,0.6173,0.0023,200,6165.4666
0.6387,0.0000,0.0000,0.0001,0.6365,0.0021,200,6166.0864
0.7908,0.0000,0.0000,0.0000,0.7889,0.0018,200,6166.7251
0.6127,0.0000,0.0000,0.0001,0.6108,0.0017,200,6167.5159
0.6292,0.0000,0.0000,0.0001,0.6273,0.0016,200,6168.1286
0.6095,0.0000,0.0000,0.0001,0.6092,0.0002,200,6168.7578
0.6403,0.0000,0.0000,0.0001,0.6386,0.0016,200,6169.3673
0.6646,0.0000,0.0000,0.0001,0.6630,0.0015,200,6170.0076
0.6650,0.0000,0.0000,0.0001,0.6645,0.0004,200,6170.6722
0.6294,0.0000,0.0000,0.0000,0.6283,0.0010,200,6171.3373
0.6289,0.0000,0.0000,0.0001,0.6272,0.0017,200,6171.9666
0.6343,0.0000,0.0000,0.0001,0.6327,0.0015,200,6172.5956
0.6261,0.0000,0.0000,0.0001,0.6245,0.0014,200,6173.2299
0.6220,0.0000,0.0000,0.0000,0.6194,0.0025,200,6173.8560
0.6296,0.0000,0.0000,0.0001,0.6278,0.0017,200,6174.4780
0.6364,0.0000,0.0000,0.0001,0.6341,0.0021,200,6175.1076
0.6041,0.0000,0.0000,0.0001,0.6029,0.0011,200,6175.7440
0.6238,0.0000,0.0000,0.0000,0.6223,0.0015,200,6176.3481
0.6235,0.0000,0.0000,0.0001,0.6222,0.0011,200,6176.9719
0.6192,0.0000,0.0000,0.0000,0.6177,0.0014,200,6177.5953
0.6067,0.0000,0.0000,0.0001,0.6055,0.0011,200,6178.2145
0.6264,0.0000,0.0000,0.0001,0.6248,0.0015,200,6178.8212
0.6147,0.0000,0.0000,0.0001,0.6133,0.0013,200,6179.4477
0.6551,0.0000,0.0000,0.0001,0.6533,0.0017,200,6180.0624
0.6276,0.0000,0.0000,0.0001,0.6251,0.0024,200,6180.7175
0.6485,0.0000,0.0000,0.0001,0.6468,0.0016,200,6181.3451
0.6322,0.0000,0.0000,0.0001,0.6302,0.0019,200,6181.9936
0.6375,0.0000,0.0000,0.0001,0.6349,0.0024,200,6182.6259
0.6335,0.0000,0.0000,0.0000,0.6318,0.0016,200,6183.2634
0.6353,0.0000,0.0000,0.0001,0.6339,0.0012,200,6183.8969
0.6100,0.0000,0.0000,0.0001,0.6078,0.0019,200,6184.5322
0.6592,0.0000,0.0000,0.0001,0.6573,0.0018,200,6185.1421
0.6335,0.0000,0.0000,0.0001,0.6312,0.0021,200,6185.8013
0.6193,0.0000,0.0000,0.0001,0.6167,0.0023,200,6186.4348
0.6247,0.0000,0.0000,0.0001,0.6231,0.0014,200,6187.0541
0.6275,0.0000,0.0000,0.0001,0.6256,0.0018,200,6187.6788
0.6161,0.0000,0.0000,0.0001,0.6149,0.0010,200,6188.3063
0.6111,0.0000,0.0000,0.0000,0.6096,0.0014,200,6188.9224
0.6127,0.0000,0.0000,0.0001,0.6112,0.0015,200,6189.5335
0.6173,0.0000,0.0000,0.0001,0.6154,0.0017,200,6190.1463
0.6478,0.0000,0.0000,0.0000,0.6463,0.0014,200,6190.7635
0.6101,0.0000,0.0000,0.0000,0.6082,0.0018,200,6191.4113
0.6550,0.0000,0.0000,0.0001,0.6530,0.0019,200,6192.0215
0.6356,0.0000,0.0000,0.0001,0.6341,0.0015,200,6192.6765
0.5977,0.0000,0.0000,0.0001,0.5927,0.0049,200,6193.3121
0.6156,0.0000,0.0000,0.0001,0.6136,0.0020,200,6193.9099
0.6321,0.0000,0.0000,0.0001,0.6310,0.0010,200,6194.5255
0.6226,0.0000,0.0000,0.0001,0.6217,0.0007,200,6195.1576
0.6324,0.0000,0.0000,0.0000,0.6314,0.0010,200,6195.7802
0.6125,0.0000,0.0000,0.0000,0.6107,0.0017,200,6196.4127
0.6245,0.0000,0.0000,0.0001,0.6223,0.0020,200,6197.0251
0.6084,0.0000,0.0000,0.0001,0.6073,0.0010,200,6197.6496
0.6086,0.0000,0.0000,0.0002,0.6071,0.0012,200,6198.2580
0.6252,0.0000,0.0000,0.0000,0.6237,0.0015,200,6198.8666
0.6162,0.0000,0.0000,0.0000,0.6146,0.0015,200,6199.4919
0.6487,0.0000,0.0000,0.0001,0.6470,0.0016,200,6200.1081
0.6594,0.0000,0.0000,0.0001,0.6574,0.0018,200,6200.7568
0.6278,0.0000,0.0000,0.0001,0.6261,0.0016,200,6201.4162
0.6675,0.0000,0.0000,0.0001,0.6661,0.0014,200,6202.0440
0.6285,0.0000,0.0000,0.0001,0.6269,0.0015,200,6202.7115
0.6285,0.0000,0.0000,0.0001,0.6270,0.0013,200,6203.3400
0.6258,0.0000,0.0000,0.0000,0.6239,0.0019,200,6203.9684
0.6320,0.0000,0.0000,0.0001,0.6303,0.0015,200,6204.5943
0.6273,0.0000,0.0000,0.0001,0.6254,0.0018,200,6205.2263
0.6384,0.0000,0.0000,0.0001,0.6370,0.0013,200,6205.8536
0.6203,0.0000,0.0000,0.0000,0.6186,0.0016,200,6206.4920
0.6357,0.0000,0.0000,0.0001,0.6344,0.0012,200,6207.1124
0.6375,0.0000,0.0000,0.0001,0.6356,0.0017,200,6207.7481
0.6283,0.0000,0.0000,0.0000,0.6262,0.0020,200,6208.3856
0.6634,0.0000,0.0000,0.0001,0.6615,0.0017,200,6209.0139
0.6531,0.0000,0.0000,0.0001,0.6516,0.0014,200,6209.6773
0.6083,0.0000,0.0000,0.0001,0.6070,0.0011,200,6210.3304
0.6164,0.0000,0.0000,0.0001,0.6153,0.0010,200,6210.9387
0.6191,0.0000,0.0000,0.0000,0.6178,0.0013,200,6211.5551
0.6120,0.0000,0.0000,0.0001,0.6106,0.0013,200,6212.1742
0.6329,0.0000,0.0000,0.0001,0.6309,0.0019,200,6212.7862
0.6216,0.0000,0.0000,0.0001,0.6198,0.0017,200,6213.4191
0.6106,0.0000,0.0000,0.0001,0.6091,0.0014,200,6214.0408
0.6324,0.0000,0.0000,0.0000,0.6306,0.0017,200,6214.6514
0.6065,0.0000,0.0000,0.0001,0.6048,0.0015,200,6215.2838
0.6121,0.0000,0.0000,0.0001,0.6107,0.0013,200,6215.8904
0.7585,0.0000,0.0000,0.0000,0.7567,0.0017,200,6216.5024
0.6356,0.0000,0.0000,0.0001,0.6338,0.0017,200,6217.2609
0.6566,0.0000,0.0000,0.0001,0.6547,0.0018,200,6217.8965
0.5989,0.0000,0.0000,0.0001,0.5972,0.0016,200,6218.5530
0.6072,0.0000,0.0000,0.0001,0.6056,0.0015,200,6219.1519
0.6404,0.0000,0.0000,0.0001,0.6386,0.0017,200,6219.7591
0.6510,0.0000,0.0000,0.0001,0.6496,0.0013,200,6220.3995
0.6371,0.0000,0.0000,0.0001,0.6352,0.0017,200,6221.0506
0.6386,0.0000,0.0000,0.0001,0.6368,0.0016,200,6221.6876
0.6328,0.0000,0.0000,0.0001,0.6316,0.0011,200,6222.3262
0.6210,0.0000,0.0000,0.0000,0.6191,0.0018,200,6222.9590
0.6314,0.0000,0.0000,0.0001,0.6299,0.0013,200,6223.5800
0.6055,0.0000,0.0000,0.0001,0.6031,0.0023,200,6224.2114
0.6433,0.0000,0.0000,0.0001,0.6420,0.0012,200,6224.8168
0.6478,0.0000,0.0000,0.0001,0.6458,0.0018,200,6225.4602
0.6247,0.0000,0.0000,0.0001,0.6231,0.0014,200,6226.1079
0.7441,0.0000,0.0000,0.0001,0.7421,0.0018,200,6226.7328
0.6179,0.0000,0.0000,0.0001,0.6160,0.0017,200,6227.4768
0.6152,0.0000,0.0000,0.0001,0.6133,0.0017,200,6228.0948
0.6181,0.0000,0.0000,0.0001,0.6159,0.0020,200,6228.7099
0.6095,0.0000,0.0000,0.0001,0.6077,0.0017,200,6229.3280
0.6105,0.0000,0.0000,0.0001,0.6087,0.0017,200,6229.9375
0.6416,0.0000,0.0000,0.0001,0.6398,0.0017,200,6230.5481
0.6147,0.0000,0.0000,0.0001,0.6129,0.0016,200,6231.1897
0.6245,0.0000,0.0000,0.0001,0.6227,0.0017,200,6231.8044
0.6183,0.0000,0.0000,0.0001,0.6164,0.0019,200,6232.4289
0.6855,0.0000,0.0000,0.0001,0.6840,0.0014,200,6233.0473
0.6136,0.0000,0.0000,0.0001,0.6116,0.0018,200,6233.7328
0.6291,0.0000,0.0000,0.0000,0.6271,0.0019,200,6234.3464
0.6460,0.0000,0.0000,0.0001,0.6440,0.0020,200,6234.9755
0.6242,0.0000,0.0000,0.0001,0.6220,0.0020,200,6235.6215
0.6223,0.0000,0.0000,0.0001,0.6207,0.0014,200,6236.2457
0.6371,0.0000,0.0000,0.0001,0.6359,0.0010,200,6236.8680
0.6101,0.0000,0.0000,0.0000,0.6090,0.0010,200,6237.5051
0.6328,0.0000,0.0000,0.0000,0.6311,0.0016,200,6238.1152
0.6444,0.0000,0.0000,0.0001,0.6419,0.0023,200,6238.7480
0.5924,0.0000,0.0000,0.0001,0.5904,0.0019,200,6239.3924
0.6272,0.0000,0.0000,0.0001,0.6253,0.0017,200,6239.9847
0.6193,0.0000,0.0000,0.0001,0.6175,0.0017,200,6240.6119
0.6050,0.0000,0.0000,0.0001,0.6040,0.0009,200,6241.2312
0.6044,0.0000,0.0000,0.0000,0.6027,0.0016,200,6241.8362
0.6135,0.0000,0.0000,0.0001,0.6117,0.0016,200,6242.4406
0.6206,0.0000,0.0000,0.0001,0.6193,0.0012,200,6243.0541
0.6371,0.0000,0.0000,0.0001,0.6356,0.0014,200,6243.6747
0.6323,0.0000,0.0000,0.0001,0.6299,0.0023,200,6244.3118
0.6714,0.0000,0.0000,0.0001,0.6698,0.0014,200,6244.9441
0.6165,0.0000,0.0000,0.0001,0.6150,0.0014,200,6245.6154
0.6135,0.0000,0.0000,0.0001,0.6116,0.0017,200,6246.2319
0.6307,0.0000,0.0000,0.0001,0.6288,0.0018,200,6246.8454
0.6184,0.0000,0.0000,0.0001,0.6169,0.0013,200,6247.4761
0.6231,0.0000,0.0000,0.0001,0.6218,0.0011,200,6248.0944
0.6231,0.0000,0.0000,0.0001,0.6215,0.0015,200,6248.7175
0.6159,0.0000,0.0000,0.0001,0.6144,0.0014,200,6249.3406
0.6348,0.0000,0.0000,0.0001,0.6331,0.0016,200,6249.9565
0.6467,0.0000,0.0000,0.0001,0.6452,0.0014,200,6250.5914
0.6211,0.0000,0.0000,0.0001,0.6202,0.0008,200,6251.2381
0.6288,0.0000,0.0000,0.0000,0.6265,0.0023,200,6251.8592
0.6057,0.0000,0.0000,0.0001,0.6036,0.0020,200,6252.4880
0.6156,0.0000,0.0000,0.0001,0.6142,0.0013,200,6253.0937
0.6383,0.0000,0.0000,0.0001,0.6366,0.0016,200,6253.7093
0.6236,0.0000,0.0000,0.0001,0.6218,0.0016,200,6254.3476
0.6136,0.0000,0.0000,0.0001,0.6119,0.0016,200,6254.9712
0.6284,0.0000,0.0000,0.0001,0.6267,0.0016,200,6255.5848
0.6197,0.0000,0.0000,0.0001,0.6182,0.0014,200,6256.2132
0.6269,0.0000,0.0000,0.0002,0.6254,0.0014,200,6256.8329
0.6307,0.0000,0.0000,0.0001,0.6291,0.0014,200,6257.4599
0.6232,0.0000,0.0000,0.0001,0.6217,0.0014,200,6258.0905
0.6380,0.0000,0.0000,0.0001,0.6361,0.0018,200,6258.7138
0.6170,0.0000,0.0000,0.0001,0.6152,0.0017,200,6259.3518
0.6310,0.0000,0.0000,0.0001,0.6289,0.0020,200,6259.9688
0.6317,0.0000,0.0000,0.0001,0.6299,0.0017,200,6260.5998
0.6257,0.0000,0.0000,0.0001,0.6242,0.0014,200,6261.2316
0.6231,0.0000,0.0000,0.0000,0.6214,0.0016,200,6261.8573
0.6081,0.0000,0.0000,0.0001,0.6065,0.0015,200,6262.4804
0.6417,0.0000,0.0000,0.0001,0.6381,0.0033,200,6263.0885
0.6665,0.0000,0.0000,0.0001,0.6648,0.0016,200,6263.7302
0.6206,0.0000,0.0000,0.0001,0.6185,0.0019,200,6264.3968
0.6611,0.0000,0.0000,0.0001,0.6596,0.0014,200,6265.0174
0.6333,0.0000,0.0000,0.0001,0.6320,0.0012,200,6265.6785
0.6145,0.0000,0.0000,0.0001,0.6125,0.0018,200,6266.3118
0.6452,0.0000,0.0000,0.0002,0.6440,0.0009,200,6266.9262
0.6327,0.0000,0.0000,0.0000,0.6303,0.0023,200,6267.5714
0.6205,0.0000,0.0000,0.0001,0.6188,0.0016,200,6268.2042
0.6237,0.0000,0.0000,0.0001,0.6220,0.0016,200,6268.8247
0.5931,0.0000,0.0000,0.0002,0.5912,0.0016,200,6269.4484
0.6062,0.0000,0.0000,0.0001,0.6048,0.0013,200,6270.0415
0.6293,0.0000,0.0000,0.0001,0.6274,0.0018,200,6270.6478
0.6276,0.0000,0.0000,0.0001,0.6259,0.0016,200,6271.2771
0.6126,0.0000,0.0000,0.0000,0.6105,0.0020,200,6271.9048
0.6306,0.0000,0.0000,0.0001,0.6287,0.0018,200,6272.5174
0.6391,0.0000,0.0000,0.0001,0.6378,0.0013,200,6273.1480
0.6478,0.0000,0.0000,0.0001,0.6462,0.0015,200,6273.7871
0.6525,0.0000,0.0000,0.0001,0.6506,0.0017,200,6274.4349
0.6245,0.0000,0.0000,0.0001,0.6229,0.0015,200,6275.0874
0.6459,0.0000,0.0000,0.0001,0.6441,0.0017,200,6275.7119
0.6377,0.0000,0.0000,0.0001,0.6363,0.0013,200,6276.3578
0.6369,0.0000,0.0000,0.0001,0.6354,0.0014,200,6276.9956
0.6805,0.0000,0.0000,0.0001,0.6787,0.0017,200,6277.6325
0.6149,0.0000,0.0000,0.0001,0.6125,0.0022,200,6278.3130
0.6501,0.0000,0.0000,0.0001,0.6482,0.0018,200,6278.9279
0.6605,0.0000,0.0000,0.0001,0.6584,0.0020,200,6279.5779
0.6511,0.0000,0.0000,0.0001,0.6493,0.0016,200,6280.2384
0.6396,0.0000,0.0000,0.0001,0.6380,0.0015,200,6280.8895
0.6050,0.0000,0.0000,0.0001,0.6034,0.0015,200,6281.5292
0.6264,0.0000,0.0000,0.0001,0.6246,0.0017,200,6282.1342
0.6189,0.0000,0.0000,0.0001,0.6173,0.0016,200,6282.7606
0.6645,0.0000,0.0000,0.0001,0.6633,0.0012,200,6283.3795
0.6487,0.0000,0.0000,0.0001,0.6473,0.0013,200,6284.0441
0.6494,0.0000,0.0000,0.0000,0.6480,0.0014,200,6284.6928
0.6359,0.0000,0.0000,0.0001,0.6345,0.0012,200,6285.3422
0.6214,0.0000,0.0000,0.0001,0.6197,0.0015,200,6285.9781
0.6467,0.0000,0.0000,0.0001,0.6452,0.0015,200,6286.5995
0.6482,0.0000,0.0000,0.0001,0.6467,0.0014,200,6287.2462
0.6408,0.0000,0.0000,0.0001,0.6396,0.0011,200,6287.8944
0.6250,0.0000,0.0000,0.0001,0.6232,0.0016,200,6288.5353
0.6357,0.0000,0.0000,0.0001,0.6332,0.0020,200,6289.1603
0.6277,0.0000,0.0000,0.0001,0.6260,0.0016,200,6289.7960
0.7325,0.0000,0.0000,0.0001,0.7312,0.0012,200,6290.4237
0.6164,0.0000,0.0000,0.0001,0.6148,0.0014,200,6291.1562
0.6250,0.0000,0.0000,0.0001,0.6229,0.0016,200,6291.7726
0.6206,0.0000,0.0000,0.0001,0.6180,0.0025,200,6292.3976
0.6270,0.0000,0.0000,0.0001,0.6246,0.0023,200,6293.0183
0.6324,0.0000,0.0000,0.0001,0.6302,0.0020,200,6293.6453
0.6362,0.0000,0.0000,0.0001,0.6344,0.0016,200,6294.2777
0.6337,0.0000,0.0000,0.0001,0.6322,0.0013,200,6294.9139
0.6287,0.0000,0.0000,0.0001,0.6270,0.0016,200,6295.5477
0.6154,0.0000,0.0000,0.0001,0.6141,0.0012,200,6296.1764
0.6103,0.0000,0.0000,0.0000,0.6088,0.0014,200,6296.7918
0.6577,0.0000,0.0000,0.0000,0.6562,0.0014,200,6297.4022
0.6170,0.0000,0.0000,0.0001,0.6150,0.0019,200,6298.0599
0.6269,0.0000,0.0000,0.0001,0.6251,0.0017,200,6298.6769
0.6088,0.0000,0.0000,0.0001,0.6071,0.0015,200,6299.3038
0.6110,0.0000,0.0000,0.0001,0.6090,0.0018,200,6299.9126
0.6501,0.0000,0.0000,0.0001,0.6483,0.0017,200,6300.5236
0.6221,0.0000,0.0000,0.0001,0.6203,0.0017,200,6301.1737
0.6229,0.0000,0.0000,0.0001,0.6215,0.0014,200,6301.7958
0.6095,0.0000,0.0000,0.0000,0.6073,0.0020,200,6302.4187
0.6269,0.0000,0.0000,0.0001,0.6254,0.0013,200,6303.0282
0.6364,0.0000,0.0000,0.0001,0.6342,0.0021,200,6303.6551
0.6203,0.0000,0.0000,0.0001,0.6187,0.0014,200,6304.2915
0.6421,0.0000,0.0000,0.0001,0.6402,0.0018,200,6304.9118
0.6179,0.0000,0.0000,0.0001,0.6163,0.0015,200,6305.5539
0.6218,0.0000,0.0000,0.0001,0.6204,0.0013,200,6306.1718
0.5972,0.0000,0.0000,0.0000,0.5957,0.0014,200,6306.7936
0.6254,0.0000,0.0000,0.0001,0.6237,0.0016,200,6307.3908
0.6321,0.0000,0.0000,0.0001,0.6305,0.0015,200,6308.0162
0.6548,0.0000,0.0000,0.0001,0.6530,0.0016,200,6308.6483
0.6146,0.0000,0.0000,0.0001,0.6125,0.0019,200,6309.3031
0.6243,0.0000,0.0000,0.0001,0.6220,0.0022,200,6309.9177
0.5982,0.0000,0.0000,0.0001,0.5964,0.0016,200,6310.5420
0.6169,0.0000,0.0000,0.0001,0.6149,0.0018,200,6311.1402
0.6060,0.0000,0.0000,0.0001,0.6041,0.0017,200,6311.7570
0.6132,0.0000,0.0000,0.0001,0.6118,0.0013,200,6312.3630
0.6713,0.0000,0.0000,0.0001,0.6696,0.0016,200,6312.9762
0.6106,0.0000,0.0000,0.0001,0.6091,0.0014,200,6313.6476
0.6216,0.0000,0.0000,0.0001,0.6203,0.0013,200,6314.2582
0.6619,0.0000,0.0000,0.0001,0.6596,0.0022,200,6314.8798
0.6319,0.0000,0.0000,0.0001,0.6301,0.0016,200,6315.5417
0.6096,0.0000,0.0000,0.0001,0.6084,0.0010,200,6316.1736
0.6139,0.0000,0.0000,0.0000,0.6122,0.0016,200,6316.7832
0.6325,0.0000,0.0000,0.0000,0.6308,0.0016,200,6317.3972
0.6278,0.0000,0.0000,0.0001,0.6255,0.0021,200,6318.0297
0.6557,0.0000,0.0000,0.0001,0.6536,0.0019,200,6318.6575
0.6246,0.0000,0.0000,0.0001,0.6228,0.0017,200,6319.3132
0.6157,0.0000,0.0000,0.0001,0.6144,0.0011,200,6319.9377
0.6442,0.0000,0.0000,0.0001,0.6422,0.0018,200,6320.5534
0.6226,0.0000,0.0000,0.0001,0.6202,0.0022,200,6321.1975
0.6332,0.0000,0.0000,0.0001,0.6312,0.0019,200,6321.8201
0.6145,0.0000,0.0000,0.0001,0.6127,0.0016,200,6322.4533
0.6106,0.0000,0.0000,0.0001,0.6090,0.0015,200,6323.0678
0.6482,0.0000,0.0000,0.0001,0.6471,0.0010,200,6323.6784
0.6102,0.0000,0.0000,0.0000,0.6078,0.0023,200,6324.3267
0.6244,0.0000,0.0000,0.0001,0.6223,0.0019,200,6324.9369
0.6173,0.0000,0.0000,0.0001,0.6155,0.0016,200,6325.5613
0.6380,0.0000,0.0000,0.0001,0.6375,0.0004,200,6326.1785
0.6263,0.0000,0.0000,0.0001,0.6247,0.0014,200,6326.8165
0.6481,0.0000,0.0000,0.0001,0.6463,0.0017,200,6327.4429
0.6198,0.0000,0.0000,0.0000,0.6183,0.0014,200,6328.0910
0.6367,0.0000,0.0000,0.0001,0.6349,0.0017,200,6328.7107
0.6247,0.0000,0.0000,0.0001,0.6232,0.0013,200,6329.3474
0.6132,0.0000,0.0000,0.0001,0.6112,0.0019,200,6329.9721
0.6468,0.0000,0.0000,0.0001,0.6451,0.0016,200,6330.5853
0.6139,0.0000,0.0000,0.0001,0.6122,0.0016,200,6331.2321
0.6317,0.0000,0.0000,0.0001,0.6296,0.0019,200,6331.8460
0.6177,0.0000,0.0000,0.0003,0.6157,0.0015,200,6332.4777
0.6210,0.0000,0.0000,0.0001,0.6193,0.0017,200,6333.0954
0.6713,0.0000,0.0000,0.0001,0.6696,0.0014,200,6333.7165
0.6156,0.0000,0.0000,0.0000,0.6138,0.0017,200,6334.3878
0.6444,0.0000,0.0000,0.0001,0.6424,0.0019,200,6335.0034
0.6237,0.0000,0.0000,0.0001,0.6219,0.0017,200,6335.6478
0.6224,0.0000,0.0000,0.0001,0.6205,0.0018,200,6336.2716
0.6292,0.0000,0.0000,0.0001,0.6274,0.0016,200,6336.8939
0.6123,0.0000,0.0000,0.0001,0.6106,0.0015,200,6337.5232
